Namespace(lr=0.01, save_dir='saves', dataset='cifar10', n_epoch=80, num_classes=10, noise_type='symmetric', noise_rate=0.2, seed=42, batch_size=128, device=0, weight_decay=0.0001, lam=0.0001, anchor=True)
[[0.8  0.02 0.02 0.02 0.02 0.02 0.02 0.02 0.02 0.02]
 [0.02 0.8  0.02 0.02 0.02 0.02 0.02 0.02 0.02 0.02]
 [0.02 0.02 0.8  0.02 0.02 0.02 0.02 0.02 0.02 0.02]
 [0.02 0.02 0.02 0.8  0.02 0.02 0.02 0.02 0.02 0.02]
 [0.02 0.02 0.02 0.02 0.8  0.02 0.02 0.02 0.02 0.02]
 [0.02 0.02 0.02 0.02 0.02 0.8  0.02 0.02 0.02 0.02]
 [0.02 0.02 0.02 0.02 0.02 0.02 0.8  0.02 0.02 0.02]
 [0.02 0.02 0.02 0.02 0.02 0.02 0.02 0.8  0.02 0.02]
 [0.02 0.02 0.02 0.02 0.02 0.02 0.02 0.02 0.8  0.02]
 [0.02 0.02 0.02 0.02 0.02 0.02 0.02 0.02 0.02 0.8 ]]
[[0.48 0.06 0.06 0.06 0.06 0.06 0.06 0.06 0.06 0.06]
 [0.06 0.48 0.06 0.06 0.06 0.06 0.06 0.06 0.06 0.06]
 [0.06 0.06 0.48 0.06 0.06 0.06 0.06 0.06 0.06 0.06]
 [0.06 0.06 0.06 0.48 0.06 0.06 0.06 0.06 0.06 0.06]
 [0.06 0.06 0.06 0.06 0.48 0.06 0.06 0.06 0.06 0.06]
 [0.06 0.06 0.06 0.06 0.06 0.48 0.06 0.06 0.06 0.06]
 [0.06 0.06 0.06 0.06 0.06 0.06 0.48 0.06 0.06 0.06]
 [0.06 0.06 0.06 0.06 0.06 0.06 0.06 0.48 0.06 0.06]
 [0.06 0.06 0.06 0.06 0.06 0.06 0.06 0.06 0.48 0.06]
 [0.06 0.06 0.06 0.06 0.06 0.06 0.06 0.06 0.06 0.48]]
Estimation Error: 0.64
epoch 1
Train Loss: 1.960541, Vol_loss: -7.667641  Acc: 0.335111
Val Loss: 1.904537, Acc: 0.399600
Test Loss: 1.822359, Acc: 0.485000
Estimation Error: 0.63
[[0.49 0.06 0.06 0.06 0.06 0.05 0.05 0.06 0.06 0.06]
 [0.06 0.49 0.05 0.06 0.05 0.05 0.05 0.06 0.06 0.06]
 [0.06 0.05 0.49 0.06 0.06 0.06 0.06 0.06 0.06 0.06]
 [0.06 0.05 0.06 0.49 0.06 0.06 0.06 0.06 0.05 0.06]
 [0.06 0.05 0.06 0.06 0.49 0.06 0.06 0.06 0.05 0.05]
 [0.06 0.05 0.06 0.06 0.06 0.49 0.06 0.06 0.05 0.06]
 [0.05 0.05 0.06 0.06 0.06 0.06 0.49 0.06 0.05 0.05]
 [0.06 0.05 0.06 0.06 0.06 0.06 0.06 0.49 0.05 0.06]
 [0.06 0.06 0.06 0.06 0.06 0.05 0.05 0.05 0.49 0.06]
 [0.06 0.06 0.06 0.06 0.06 0.06 0.06 0.06 0.06 0.49]]
epoch 2
Train Loss: 1.732014, Vol_loss: -7.494189  Acc: 0.465956
Val Loss: 1.757619, Acc: 0.484000
Test Loss: 1.614104, Acc: 0.596100
Estimation Error: 0.61
[[0.5  0.06 0.06 0.05 0.06 0.05 0.05 0.05 0.06 0.06]
 [0.06 0.5  0.05 0.05 0.05 0.05 0.05 0.05 0.06 0.07]
 [0.06 0.05 0.49 0.06 0.06 0.06 0.06 0.06 0.05 0.05]
 [0.05 0.05 0.06 0.49 0.06 0.06 0.06 0.06 0.05 0.05]
 [0.05 0.05 0.06 0.06 0.49 0.06 0.06 0.06 0.05 0.05]
 [0.05 0.05 0.06 0.07 0.06 0.49 0.06 0.06 0.05 0.05]
 [0.05 0.05 0.06 0.06 0.06 0.06 0.5  0.05 0.05 0.05]
 [0.05 0.05 0.06 0.06 0.06 0.06 0.05 0.5  0.05 0.05]
 [0.07 0.06 0.05 0.05 0.05 0.05 0.05 0.05 0.5  0.06]
 [0.06 0.06 0.05 0.05 0.05 0.05 0.05 0.06 0.06 0.5 ]]
epoch 3
Train Loss: 1.625129, Vol_loss: -7.266862  Acc: 0.523844
Val Loss: 1.669462, Acc: 0.526200
Test Loss: 1.284107, Acc: 0.643300
Estimation Error: 0.58
[[0.51 0.05 0.06 0.05 0.05 0.05 0.05 0.05 0.06 0.05]
 [0.06 0.52 0.05 0.05 0.05 0.05 0.05 0.05 0.06 0.07]
 [0.06 0.05 0.5  0.06 0.06 0.06 0.06 0.06 0.05 0.05]
 [0.05 0.05 0.06 0.5  0.06 0.07 0.06 0.06 0.05 0.05]
 [0.05 0.05 0.06 0.06 0.5  0.06 0.06 0.06 0.05 0.05]
 [0.05 0.05 0.06 0.07 0.06 0.5  0.06 0.06 0.05 0.05]
 [0.05 0.05 0.06 0.06 0.06 0.06 0.51 0.05 0.05 0.05]
 [0.05 0.05 0.06 0.06 0.06 0.06 0.05 0.51 0.05 0.05]
 [0.07 0.06 0.05 0.05 0.05 0.05 0.05 0.05 0.51 0.06]
 [0.06 0.06 0.05 0.05 0.05 0.05 0.05 0.05 0.06 0.51]]
epoch 4
Train Loss: 1.548739, Vol_loss: -7.018542  Acc: 0.561000
Val Loss: 1.762226, Acc: 0.491800
Test Loss: 1.846279, Acc: 0.604700
Estimation Error: 0.56
[[0.52 0.05 0.06 0.05 0.05 0.05 0.05 0.05 0.06 0.05]
 [0.06 0.53 0.05 0.05 0.05 0.05 0.05 0.05 0.05 0.07]
 [0.06 0.05 0.51 0.06 0.06 0.06 0.06 0.06 0.05 0.05]
 [0.05 0.05 0.06 0.51 0.06 0.07 0.06 0.06 0.05 0.05]
 [0.05 0.05 0.07 0.06 0.51 0.06 0.06 0.06 0.05 0.05]
 [0.05 0.05 0.06 0.07 0.05 0.51 0.05 0.06 0.05 0.05]
 [0.05 0.05 0.06 0.06 0.06 0.05 0.52 0.05 0.05 0.05]
 [0.05 0.05 0.06 0.05 0.07 0.06 0.05 0.52 0.05 0.05]
 [0.07 0.05 0.05 0.05 0.05 0.05 0.05 0.05 0.53 0.05]
 [0.06 0.06 0.05 0.05 0.05 0.05 0.05 0.05 0.05 0.53]]
epoch 5
Train Loss: 1.484101, Vol_loss: -6.761462  Acc: 0.593022
Val Loss: 1.623510, Acc: 0.539800
Test Loss: 1.383111, Acc: 0.662000
Estimation Error: 0.54
[[0.53 0.05 0.06 0.05 0.05 0.05 0.05 0.05 0.06 0.05]
 [0.05 0.55 0.05 0.05 0.04 0.05 0.05 0.05 0.05 0.07]
 [0.05 0.04 0.52 0.06 0.06 0.06 0.05 0.05 0.05 0.05]
 [0.05 0.04 0.06 0.51 0.06 0.07 0.06 0.06 0.05 0.05]
 [0.05 0.04 0.06 0.06 0.52 0.06 0.06 0.06 0.05 0.05]
 [0.05 0.04 0.06 0.08 0.05 0.52 0.05 0.06 0.05 0.05]
 [0.05 0.04 0.06 0.06 0.06 0.05 0.53 0.05 0.04 0.04]
 [0.05 0.04 0.05 0.05 0.06 0.06 0.04 0.54 0.04 0.05]
 [0.07 0.05 0.05 0.05 0.05 0.04 0.05 0.05 0.54 0.05]
 [0.05 0.06 0.05 0.05 0.05 0.05 0.05 0.05 0.05 0.54]]
epoch 6
Train Loss: 1.436940, Vol_loss: -6.503174  Acc: 0.612178
Val Loss: 1.533869, Acc: 0.581800
Test Loss: 1.099537, Acc: 0.727300
Estimation Error: 0.51
[[0.55 0.05 0.06 0.05 0.05 0.04 0.04 0.05 0.06 0.05]
 [0.05 0.57 0.04 0.04 0.04 0.04 0.04 0.05 0.05 0.07]
 [0.05 0.04 0.53 0.06 0.06 0.06 0.05 0.05 0.05 0.04]
 [0.05 0.04 0.06 0.52 0.06 0.08 0.06 0.05 0.04 0.04]
 [0.05 0.04 0.06 0.06 0.53 0.06 0.06 0.06 0.04 0.04]
 [0.04 0.04 0.06 0.08 0.05 0.53 0.05 0.06 0.04 0.04]
 [0.05 0.04 0.06 0.06 0.06 0.05 0.55 0.05 0.04 0.04]
 [0.05 0.04 0.05 0.05 0.06 0.06 0.04 0.55 0.04 0.05]
 [0.07 0.05 0.05 0.05 0.05 0.04 0.04 0.04 0.56 0.05]
 [0.05 0.06 0.05 0.05 0.04 0.05 0.04 0.05 0.05 0.56]]
epoch 7
Train Loss: 1.394857, Vol_loss: -6.249561  Acc: 0.629800
Val Loss: 1.490183, Acc: 0.601600
Test Loss: 1.088857, Acc: 0.732300
Estimation Error: 0.49
[[0.56 0.05 0.06 0.05 0.05 0.04 0.04 0.05 0.06 0.05]
 [0.05 0.58 0.04 0.04 0.04 0.04 0.04 0.04 0.05 0.06]
 [0.05 0.04 0.54 0.06 0.06 0.05 0.05 0.05 0.05 0.04]
 [0.05 0.04 0.06 0.53 0.06 0.08 0.06 0.05 0.04 0.04]
 [0.04 0.04 0.06 0.05 0.55 0.06 0.06 0.06 0.04 0.04]
 [0.04 0.04 0.05 0.08 0.05 0.54 0.05 0.06 0.04 0.04]
 [0.04 0.04 0.06 0.06 0.05 0.05 0.56 0.04 0.04 0.04]
 [0.05 0.04 0.05 0.05 0.06 0.06 0.04 0.56 0.04 0.05]
 [0.07 0.05 0.05 0.05 0.04 0.04 0.04 0.04 0.57 0.05]
 [0.05 0.06 0.04 0.05 0.04 0.05 0.04 0.04 0.05 0.57]]
epoch 8
Train Loss: 1.361448, Vol_loss: -6.002889  Acc: 0.643822
Val Loss: 1.498091, Acc: 0.601600
Test Loss: 1.025794, Acc: 0.746000
Estimation Error: 0.46
[[0.57 0.05 0.06 0.04 0.05 0.04 0.04 0.04 0.06 0.05]
 [0.05 0.6  0.04 0.04 0.04 0.04 0.04 0.04 0.05 0.06]
 [0.05 0.04 0.55 0.06 0.06 0.05 0.05 0.05 0.04 0.04]
 [0.04 0.04 0.05 0.54 0.06 0.08 0.06 0.05 0.04 0.04]
 [0.04 0.04 0.06 0.05 0.56 0.05 0.05 0.06 0.04 0.04]
 [0.04 0.04 0.05 0.08 0.05 0.55 0.05 0.06 0.04 0.04]
 [0.04 0.04 0.06 0.06 0.05 0.05 0.57 0.04 0.04 0.04]
 [0.04 0.04 0.05 0.05 0.06 0.06 0.04 0.58 0.04 0.04]
 [0.06 0.05 0.04 0.05 0.04 0.04 0.04 0.04 0.59 0.05]
 [0.05 0.06 0.04 0.05 0.04 0.04 0.04 0.04 0.05 0.59]]
epoch 9
Train Loss: 1.334132, Vol_loss: -5.767864  Acc: 0.653556
Val Loss: 1.489143, Acc: 0.600200
Test Loss: 1.054166, Acc: 0.745800
Estimation Error: 0.44
[[0.58 0.04 0.06 0.04 0.05 0.04 0.04 0.04 0.06 0.05]
 [0.05 0.61 0.04 0.04 0.04 0.04 0.04 0.04 0.05 0.06]
 [0.05 0.04 0.57 0.06 0.05 0.05 0.05 0.05 0.04 0.04]
 [0.04 0.04 0.05 0.55 0.05 0.08 0.05 0.05 0.04 0.04]
 [0.04 0.04 0.06 0.05 0.57 0.05 0.05 0.05 0.04 0.04]
 [0.04 0.04 0.05 0.08 0.05 0.56 0.05 0.06 0.04 0.04]
 [0.04 0.04 0.06 0.06 0.05 0.05 0.59 0.04 0.04 0.04]
 [0.04 0.04 0.05 0.05 0.06 0.06 0.04 0.59 0.04 0.04]
 [0.06 0.04 0.04 0.04 0.04 0.04 0.04 0.04 0.6  0.05]
 [0.05 0.05 0.04 0.04 0.04 0.04 0.04 0.04 0.05 0.6 ]]
epoch 10
Train Loss: 1.309869, Vol_loss: -5.546706  Acc: 0.662067
Val Loss: 1.430241, Acc: 0.629800
Test Loss: 0.905056, Acc: 0.773000
Estimation Error: 0.41
[[0.59 0.04 0.06 0.04 0.05 0.04 0.04 0.04 0.05 0.04]
 [0.05 0.62 0.04 0.04 0.04 0.04 0.04 0.04 0.04 0.06]
 [0.05 0.04 0.58 0.06 0.05 0.05 0.05 0.05 0.04 0.04]
 [0.04 0.04 0.05 0.56 0.05 0.08 0.05 0.05 0.04 0.04]
 [0.04 0.04 0.06 0.05 0.58 0.05 0.05 0.05 0.04 0.04]
 [0.04 0.04 0.05 0.08 0.05 0.57 0.05 0.05 0.04 0.04]
 [0.04 0.04 0.06 0.06 0.05 0.05 0.6  0.04 0.04 0.04]
 [0.04 0.04 0.05 0.05 0.06 0.06 0.04 0.6  0.04 0.04]
 [0.06 0.04 0.04 0.04 0.04 0.04 0.04 0.04 0.61 0.04]
 [0.05 0.05 0.04 0.04 0.04 0.04 0.04 0.04 0.05 0.61]]
epoch 11
Train Loss: 1.282497, Vol_loss: -5.334897  Acc: 0.671467
Val Loss: 1.391446, Acc: 0.641200
Test Loss: 0.757689, Acc: 0.802800
Estimation Error: 0.39
[[0.61 0.04 0.05 0.04 0.04 0.04 0.04 0.04 0.05 0.04]
 [0.04 0.64 0.04 0.04 0.04 0.04 0.04 0.04 0.04 0.06]
 [0.05 0.04 0.59 0.05 0.05 0.05 0.05 0.05 0.04 0.04]
 [0.04 0.04 0.05 0.57 0.05 0.08 0.05 0.05 0.04 0.04]
 [0.04 0.04 0.05 0.05 0.59 0.05 0.05 0.05 0.04 0.04]
 [0.04 0.04 0.05 0.08 0.04 0.58 0.04 0.05 0.04 0.04]
 [0.04 0.04 0.05 0.06 0.05 0.05 0.61 0.04 0.04 0.04]
 [0.04 0.04 0.04 0.05 0.05 0.05 0.04 0.61 0.04 0.04]
 [0.06 0.04 0.04 0.04 0.04 0.04 0.04 0.04 0.63 0.04]
 [0.04 0.05 0.04 0.04 0.04 0.04 0.04 0.04 0.04 0.63]]
epoch 12
Train Loss: 1.263824, Vol_loss: -5.138453  Acc: 0.679400
Val Loss: 1.376538, Acc: 0.643800
Test Loss: 0.796663, Acc: 0.798900
Estimation Error: 0.37
[[0.62 0.04 0.05 0.04 0.04 0.04 0.04 0.04 0.05 0.04]
 [0.04 0.65 0.04 0.04 0.03 0.04 0.04 0.04 0.04 0.05]
 [0.05 0.04 0.6  0.05 0.05 0.05 0.05 0.05 0.04 0.04]
 [0.04 0.04 0.05 0.58 0.05 0.08 0.05 0.05 0.04 0.04]
 [0.04 0.04 0.05 0.05 0.6  0.05 0.05 0.05 0.04 0.04]
 [0.04 0.03 0.05 0.08 0.04 0.59 0.04 0.05 0.04 0.04]
 [0.04 0.04 0.05 0.05 0.05 0.04 0.62 0.04 0.04 0.03]
 [0.04 0.03 0.04 0.05 0.05 0.05 0.03 0.62 0.04 0.04]
 [0.05 0.04 0.04 0.04 0.04 0.03 0.04 0.04 0.64 0.04]
 [0.04 0.05 0.04 0.04 0.04 0.04 0.03 0.04 0.04 0.64]]
epoch 13
Train Loss: 1.244508, Vol_loss: -4.950808  Acc: 0.685422
Val Loss: 1.346067, Acc: 0.658400
Test Loss: 0.691960, Acc: 0.816100
Estimation Error: 0.35
[[0.63 0.04 0.05 0.04 0.04 0.04 0.04 0.04 0.05 0.04]
 [0.04 0.66 0.03 0.04 0.03 0.03 0.04 0.04 0.04 0.05]
 [0.04 0.03 0.61 0.05 0.05 0.05 0.04 0.04 0.04 0.04]
 [0.04 0.03 0.05 0.59 0.05 0.08 0.05 0.04 0.04 0.03]
 [0.04 0.04 0.05 0.05 0.61 0.05 0.05 0.05 0.04 0.04]
 [0.04 0.03 0.05 0.08 0.04 0.6  0.04 0.05 0.04 0.04]
 [0.04 0.03 0.05 0.05 0.05 0.04 0.63 0.04 0.04 0.03]
 [0.04 0.03 0.04 0.04 0.05 0.05 0.03 0.63 0.03 0.04]
 [0.05 0.04 0.04 0.04 0.04 0.03 0.04 0.04 0.65 0.04]
 [0.04 0.05 0.04 0.04 0.03 0.04 0.03 0.04 0.04 0.65]]
epoch 14
Train Loss: 1.224239, Vol_loss: -4.774896  Acc: 0.693044
Val Loss: 1.354479, Acc: 0.653800
Test Loss: 0.772505, Acc: 0.808600
Estimation Error: 0.33
[[0.64 0.04 0.05 0.04 0.04 0.03 0.04 0.04 0.05 0.04]
 [0.04 0.67 0.03 0.03 0.03 0.03 0.03 0.03 0.04 0.05]
 [0.04 0.03 0.62 0.05 0.05 0.05 0.04 0.04 0.04 0.04]
 [0.04 0.03 0.05 0.6  0.05 0.08 0.05 0.04 0.03 0.03]
 [0.04 0.03 0.05 0.05 0.62 0.05 0.05 0.05 0.04 0.03]
 [0.04 0.03 0.05 0.08 0.04 0.61 0.04 0.05 0.04 0.04]
 [0.04 0.03 0.05 0.05 0.04 0.04 0.64 0.04 0.03 0.03]
 [0.04 0.03 0.04 0.04 0.05 0.05 0.03 0.64 0.03 0.04]
 [0.05 0.04 0.04 0.04 0.04 0.03 0.04 0.03 0.66 0.04]
 [0.04 0.05 0.04 0.04 0.03 0.04 0.03 0.03 0.04 0.66]]
epoch 15
Train Loss: 1.206853, Vol_loss: -4.611804  Acc: 0.698244
Val Loss: 1.290969, Acc: 0.674200
Test Loss: 0.668291, Acc: 0.830600
Estimation Error: 0.31
[[0.65 0.04 0.05 0.04 0.04 0.03 0.03 0.04 0.05 0.04]
 [0.04 0.68 0.03 0.03 0.03 0.03 0.03 0.03 0.04 0.05]
 [0.04 0.03 0.63 0.05 0.05 0.04 0.04 0.04 0.04 0.04]
 [0.04 0.03 0.04 0.61 0.05 0.08 0.05 0.04 0.03 0.03]
 [0.04 0.03 0.05 0.04 0.63 0.05 0.04 0.05 0.04 0.03]
 [0.04 0.03 0.05 0.07 0.04 0.62 0.04 0.05 0.04 0.03]
 [0.04 0.03 0.05 0.05 0.04 0.04 0.65 0.04 0.03 0.03]
 [0.04 0.03 0.04 0.04 0.05 0.05 0.03 0.65 0.03 0.04]
 [0.05 0.04 0.04 0.04 0.04 0.03 0.04 0.03 0.67 0.04]
 [0.04 0.04 0.04 0.04 0.03 0.04 0.03 0.03 0.04 0.67]]
epoch 16
Train Loss: 1.195215, Vol_loss: -4.458236  Acc: 0.702444
Val Loss: 1.278168, Acc: 0.681200
Test Loss: 0.585913, Acc: 0.840700
Estimation Error: 0.29
[[0.65 0.04 0.05 0.04 0.04 0.03 0.03 0.04 0.04 0.04]
 [0.04 0.69 0.03 0.03 0.03 0.03 0.03 0.03 0.04 0.05]
 [0.04 0.03 0.64 0.05 0.04 0.04 0.04 0.04 0.04 0.04]
 [0.04 0.03 0.04 0.61 0.05 0.07 0.05 0.04 0.03 0.03]
 [0.03 0.03 0.05 0.04 0.64 0.04 0.04 0.05 0.03 0.03]
 [0.03 0.03 0.04 0.07 0.04 0.63 0.04 0.04 0.03 0.03]
 [0.03 0.03 0.05 0.05 0.04 0.04 0.66 0.03 0.03 0.03]
 [0.03 0.03 0.04 0.04 0.04 0.05 0.03 0.66 0.03 0.04]
 [0.05 0.04 0.03 0.04 0.04 0.03 0.03 0.03 0.68 0.04]
 [0.04 0.04 0.03 0.04 0.03 0.04 0.03 0.03 0.04 0.68]]
epoch 17
Train Loss: 1.176961, Vol_loss: -4.316307  Acc: 0.708111
Val Loss: 1.362616, Acc: 0.647200
Test Loss: 0.833193, Acc: 0.808300
Estimation Error: 0.28
[[0.66 0.04 0.05 0.03 0.04 0.03 0.03 0.04 0.04 0.04]
 [0.04 0.7  0.03 0.03 0.03 0.03 0.03 0.03 0.04 0.04]
 [0.04 0.03 0.65 0.05 0.04 0.04 0.04 0.04 0.03 0.03]
 [0.04 0.03 0.04 0.62 0.04 0.07 0.05 0.04 0.03 0.03]
 [0.03 0.03 0.04 0.04 0.65 0.04 0.04 0.04 0.03 0.03]
 [0.03 0.03 0.04 0.07 0.04 0.63 0.04 0.04 0.03 0.03]
 [0.03 0.03 0.04 0.05 0.04 0.04 0.67 0.03 0.03 0.03]
 [0.03 0.03 0.04 0.04 0.04 0.05 0.03 0.67 0.03 0.04]
 [0.04 0.03 0.03 0.04 0.03 0.03 0.03 0.03 0.69 0.04]
 [0.04 0.04 0.03 0.04 0.03 0.04 0.03 0.03 0.04 0.68]]
epoch 18
Train Loss: 1.171682, Vol_loss: -4.182215  Acc: 0.709156
Val Loss: 1.323022, Acc: 0.661800
Test Loss: 0.697236, Acc: 0.824700
Estimation Error: 0.26
[[0.67 0.04 0.05 0.03 0.04 0.03 0.03 0.04 0.04 0.04]
 [0.04 0.7  0.03 0.03 0.03 0.03 0.03 0.03 0.03 0.04]
 [0.04 0.03 0.66 0.04 0.04 0.04 0.04 0.04 0.03 0.03]
 [0.04 0.03 0.04 0.63 0.04 0.07 0.04 0.04 0.03 0.03]
 [0.03 0.03 0.04 0.04 0.66 0.04 0.04 0.04 0.03 0.03]
 [0.03 0.03 0.04 0.07 0.04 0.64 0.04 0.04 0.03 0.03]
 [0.03 0.03 0.04 0.04 0.04 0.04 0.68 0.03 0.03 0.03]
 [0.03 0.03 0.04 0.04 0.04 0.05 0.03 0.68 0.03 0.03]
 [0.04 0.03 0.03 0.04 0.03 0.03 0.03 0.03 0.69 0.03]
 [0.04 0.04 0.03 0.04 0.03 0.03 0.03 0.03 0.04 0.69]]
epoch 19
Train Loss: 1.152307, Vol_loss: -4.059597  Acc: 0.715800
Val Loss: 1.289722, Acc: 0.674000
Test Loss: 0.612416, Acc: 0.841900
Estimation Error: 0.24
[[0.68 0.03 0.05 0.03 0.04 0.03 0.03 0.04 0.04 0.03]
 [0.04 0.71 0.03 0.03 0.03 0.03 0.03 0.03 0.03 0.04]
 [0.04 0.03 0.67 0.04 0.04 0.04 0.04 0.04 0.03 0.03]
 [0.04 0.03 0.04 0.64 0.04 0.07 0.04 0.04 0.03 0.03]
 [0.03 0.03 0.04 0.04 0.67 0.04 0.04 0.04 0.03 0.03]
 [0.03 0.03 0.04 0.07 0.04 0.65 0.04 0.04 0.03 0.03]
 [0.03 0.03 0.04 0.04 0.04 0.04 0.68 0.03 0.03 0.03]
 [0.03 0.03 0.03 0.04 0.04 0.05 0.03 0.69 0.03 0.03]
 [0.04 0.03 0.03 0.03 0.03 0.03 0.03 0.03 0.7  0.03]
 [0.04 0.04 0.03 0.03 0.03 0.03 0.03 0.03 0.04 0.7 ]]
epoch 20
Train Loss: 1.143115, Vol_loss: -3.943504  Acc: 0.719378
Val Loss: 1.275808, Acc: 0.679200
Test Loss: 0.606297, Acc: 0.838700
Estimation Error: 0.23
[[0.68 0.03 0.04 0.03 0.03 0.03 0.03 0.03 0.04 0.03]
 [0.03 0.72 0.03 0.03 0.03 0.03 0.03 0.03 0.03 0.04]
 [0.04 0.03 0.67 0.04 0.04 0.04 0.04 0.04 0.03 0.03]
 [0.04 0.03 0.04 0.65 0.04 0.07 0.04 0.04 0.03 0.03]
 [0.03 0.03 0.04 0.04 0.67 0.04 0.04 0.04 0.03 0.03]
 [0.03 0.03 0.04 0.06 0.04 0.66 0.04 0.04 0.03 0.03]
 [0.03 0.03 0.04 0.04 0.04 0.04 0.69 0.03 0.03 0.03]
 [0.03 0.03 0.03 0.04 0.04 0.04 0.03 0.7  0.03 0.03]
 [0.04 0.03 0.03 0.03 0.03 0.03 0.03 0.03 0.71 0.03]
 [0.03 0.04 0.03 0.03 0.03 0.03 0.03 0.03 0.04 0.71]]
epoch 21
Train Loss: 1.132524, Vol_loss: -3.833669  Acc: 0.721533
Val Loss: 1.276992, Acc: 0.676200
Test Loss: 0.561901, Acc: 0.843700
Estimation Error: 0.22
[[0.69 0.03 0.04 0.03 0.03 0.03 0.03 0.03 0.04 0.03]
 [0.03 0.72 0.03 0.03 0.03 0.03 0.03 0.03 0.03 0.04]
 [0.04 0.03 0.68 0.04 0.04 0.04 0.04 0.04 0.03 0.03]
 [0.04 0.03 0.04 0.65 0.04 0.06 0.04 0.04 0.03 0.03]
 [0.03 0.03 0.04 0.04 0.68 0.04 0.04 0.04 0.03 0.03]
 [0.03 0.03 0.04 0.06 0.04 0.66 0.04 0.04 0.03 0.03]
 [0.03 0.03 0.04 0.04 0.04 0.04 0.7  0.03 0.03 0.03]
 [0.03 0.03 0.03 0.04 0.04 0.04 0.03 0.7  0.03 0.03]
 [0.04 0.03 0.03 0.03 0.03 0.03 0.03 0.03 0.71 0.03]
 [0.03 0.04 0.03 0.03 0.03 0.03 0.03 0.03 0.04 0.71]]
epoch 22
Train Loss: 1.121174, Vol_loss: -3.731910  Acc: 0.725600
Val Loss: 1.276332, Acc: 0.677600
Test Loss: 0.593973, Acc: 0.844400
Estimation Error: 0.20
[[0.7  0.03 0.04 0.03 0.03 0.03 0.03 0.03 0.04 0.03]
 [0.03 0.73 0.03 0.03 0.03 0.03 0.03 0.03 0.03 0.04]
 [0.04 0.03 0.69 0.04 0.04 0.04 0.03 0.04 0.03 0.03]
 [0.04 0.03 0.04 0.66 0.04 0.06 0.04 0.04 0.03 0.03]
 [0.03 0.03 0.04 0.04 0.69 0.04 0.04 0.04 0.03 0.03]
 [0.03 0.03 0.04 0.06 0.04 0.67 0.03 0.04 0.03 0.03]
 [0.03 0.03 0.04 0.04 0.03 0.03 0.7  0.03 0.03 0.03]
 [0.03 0.03 0.03 0.04 0.04 0.04 0.03 0.71 0.03 0.03]
 [0.04 0.03 0.03 0.03 0.03 0.03 0.03 0.03 0.72 0.03]
 [0.03 0.04 0.03 0.03 0.03 0.03 0.03 0.03 0.03 0.72]]
epoch 23
Train Loss: 1.110164, Vol_loss: -3.637655  Acc: 0.730467
Val Loss: 1.236853, Acc: 0.690400
Test Loss: 0.544731, Acc: 0.856500
Estimation Error: 0.19
[[0.7  0.03 0.04 0.03 0.03 0.03 0.03 0.03 0.04 0.03]
 [0.03 0.73 0.03 0.03 0.03 0.03 0.03 0.03 0.03 0.04]
 [0.03 0.03 0.69 0.04 0.04 0.04 0.03 0.03 0.03 0.03]
 [0.03 0.03 0.04 0.67 0.04 0.06 0.04 0.03 0.03 0.03]
 [0.03 0.03 0.04 0.04 0.69 0.04 0.04 0.04 0.03 0.03]
 [0.03 0.03 0.04 0.06 0.03 0.68 0.03 0.04 0.03 0.03]
 [0.03 0.03 0.04 0.04 0.03 0.03 0.71 0.03 0.03 0.03]
 [0.03 0.03 0.03 0.03 0.03 0.04 0.03 0.72 0.03 0.03]
 [0.04 0.03 0.03 0.03 0.03 0.03 0.03 0.03 0.72 0.03]
 [0.03 0.04 0.03 0.03 0.03 0.03 0.03 0.03 0.03 0.72]]
epoch 24
Train Loss: 1.101333, Vol_loss: -3.548125  Acc: 0.732422
Val Loss: 1.289988, Acc: 0.674000
Test Loss: 0.631444, Acc: 0.840400
Estimation Error: 0.18
[[0.71 0.03 0.04 0.03 0.03 0.03 0.03 0.03 0.04 0.03]
 [0.03 0.74 0.03 0.03 0.03 0.03 0.03 0.03 0.03 0.04]
 [0.03 0.03 0.7  0.04 0.04 0.04 0.03 0.03 0.03 0.03]
 [0.03 0.03 0.03 0.68 0.04 0.06 0.04 0.03 0.03 0.03]
 [0.03 0.03 0.04 0.04 0.7  0.04 0.04 0.04 0.03 0.03]
 [0.03 0.03 0.04 0.06 0.03 0.68 0.03 0.04 0.03 0.03]
 [0.03 0.03 0.04 0.04 0.03 0.03 0.72 0.03 0.03 0.03]
 [0.03 0.03 0.03 0.03 0.03 0.04 0.03 0.72 0.03 0.03]
 [0.04 0.03 0.03 0.03 0.03 0.03 0.03 0.03 0.73 0.03]
 [0.03 0.03 0.03 0.03 0.03 0.03 0.03 0.03 0.03 0.73]]
epoch 25
Train Loss: 1.094211, Vol_loss: -3.464102  Acc: 0.734867
Val Loss: 1.274824, Acc: 0.679800
Test Loss: 0.578095, Acc: 0.853000
Estimation Error: 0.17
[[0.71 0.03 0.04 0.03 0.03 0.03 0.03 0.03 0.04 0.03]
 [0.03 0.74 0.03 0.03 0.02 0.03 0.03 0.03 0.03 0.03]
 [0.03 0.03 0.71 0.04 0.04 0.03 0.03 0.03 0.03 0.03]
 [0.03 0.03 0.03 0.68 0.04 0.06 0.04 0.03 0.03 0.03]
 [0.03 0.03 0.03 0.03 0.71 0.04 0.04 0.04 0.03 0.03]
 [0.03 0.03 0.04 0.06 0.03 0.69 0.03 0.03 0.03 0.03]
 [0.03 0.03 0.04 0.04 0.03 0.03 0.72 0.03 0.03 0.03]
 [0.03 0.03 0.03 0.03 0.03 0.04 0.02 0.73 0.03 0.03]
 [0.03 0.03 0.03 0.03 0.03 0.03 0.03 0.03 0.73 0.03]
 [0.03 0.03 0.03 0.03 0.03 0.03 0.03 0.03 0.03 0.73]]
epoch 26
Train Loss: 1.084891, Vol_loss: -3.385872  Acc: 0.738089
Val Loss: 1.249874, Acc: 0.687800
Test Loss: 0.563334, Acc: 0.857100
Estimation Error: 0.16
[[0.72 0.03 0.04 0.03 0.03 0.03 0.03 0.03 0.03 0.03]
 [0.03 0.75 0.03 0.03 0.02 0.03 0.03 0.03 0.03 0.03]
 [0.03 0.03 0.71 0.04 0.03 0.03 0.03 0.03 0.03 0.03]
 [0.03 0.03 0.03 0.69 0.04 0.06 0.04 0.03 0.03 0.03]
 [0.03 0.03 0.03 0.03 0.71 0.03 0.04 0.04 0.03 0.03]
 [0.03 0.03 0.04 0.05 0.03 0.69 0.03 0.03 0.03 0.03]
 [0.03 0.03 0.04 0.04 0.03 0.03 0.73 0.03 0.03 0.03]
 [0.03 0.03 0.03 0.03 0.03 0.04 0.02 0.73 0.03 0.03]
 [0.03 0.03 0.03 0.03 0.03 0.03 0.03 0.03 0.74 0.03]
 [0.03 0.03 0.03 0.03 0.03 0.03 0.03 0.03 0.03 0.74]]
epoch 27
Train Loss: 1.075347, Vol_loss: -3.311661  Acc: 0.741644
Val Loss: 1.248225, Acc: 0.683800
Test Loss: 0.569974, Acc: 0.855500
Estimation Error: 0.15
[[0.72 0.03 0.04 0.03 0.03 0.03 0.03 0.03 0.03 0.03]
 [0.03 0.75 0.03 0.03 0.02 0.03 0.03 0.03 0.03 0.03]
 [0.03 0.03 0.72 0.03 0.03 0.03 0.03 0.03 0.03 0.03]
 [0.03 0.03 0.03 0.7  0.04 0.05 0.04 0.03 0.03 0.03]
 [0.03 0.03 0.03 0.03 0.72 0.03 0.04 0.03 0.03 0.03]
 [0.03 0.03 0.04 0.05 0.03 0.7  0.03 0.03 0.03 0.03]
 [0.03 0.03 0.03 0.03 0.03 0.03 0.73 0.03 0.03 0.03]
 [0.03 0.03 0.03 0.03 0.03 0.04 0.02 0.74 0.03 0.03]
 [0.03 0.03 0.03 0.03 0.03 0.02 0.03 0.03 0.74 0.03]
 [0.03 0.03 0.03 0.03 0.02 0.03 0.02 0.03 0.03 0.74]]
epoch 28
Train Loss: 1.070912, Vol_loss: -3.242328  Acc: 0.741378
Val Loss: 1.240995, Acc: 0.686200
Test Loss: 0.537309, Acc: 0.861200
Estimation Error: 0.14
[[0.73 0.03 0.04 0.03 0.03 0.03 0.03 0.03 0.03 0.03]
 [0.03 0.76 0.03 0.03 0.02 0.03 0.03 0.03 0.03 0.03]
 [0.03 0.03 0.72 0.03 0.03 0.03 0.03 0.03 0.03 0.03]
 [0.03 0.03 0.03 0.7  0.04 0.05 0.04 0.03 0.03 0.03]
 [0.03 0.03 0.03 0.03 0.72 0.03 0.03 0.03 0.03 0.03]
 [0.03 0.03 0.03 0.05 0.03 0.7  0.03 0.03 0.03 0.03]
 [0.03 0.03 0.03 0.03 0.03 0.03 0.73 0.03 0.03 0.03]
 [0.03 0.03 0.03 0.03 0.03 0.04 0.02 0.74 0.03 0.03]
 [0.03 0.03 0.03 0.03 0.03 0.02 0.03 0.03 0.75 0.03]
 [0.03 0.03 0.03 0.03 0.02 0.03 0.02 0.02 0.03 0.75]]
epoch 29
Train Loss: 1.064715, Vol_loss: -3.178726  Acc: 0.744333
Val Loss: 1.219433, Acc: 0.695800
Test Loss: 0.498616, Acc: 0.871700
Estimation Error: 0.13
[[0.73 0.03 0.04 0.03 0.03 0.03 0.03 0.03 0.03 0.03]
 [0.03 0.76 0.03 0.03 0.02 0.03 0.03 0.03 0.03 0.03]
 [0.03 0.03 0.73 0.03 0.03 0.03 0.03 0.03 0.03 0.03]
 [0.03 0.03 0.03 0.71 0.03 0.05 0.03 0.03 0.03 0.03]
 [0.03 0.03 0.03 0.03 0.73 0.03 0.03 0.03 0.03 0.03]
 [0.03 0.03 0.03 0.05 0.03 0.71 0.03 0.03 0.03 0.03]
 [0.03 0.03 0.03 0.03 0.03 0.03 0.74 0.03 0.03 0.03]
 [0.03 0.03 0.03 0.03 0.03 0.04 0.02 0.75 0.03 0.03]
 [0.03 0.03 0.03 0.03 0.03 0.02 0.03 0.03 0.75 0.03]
 [0.03 0.03 0.03 0.03 0.02 0.03 0.02 0.02 0.03 0.75]]
epoch 30
Train Loss: 1.055222, Vol_loss: -3.117500  Acc: 0.748156
Val Loss: 1.240940, Acc: 0.688400
Test Loss: 0.544033, Acc: 0.859300
Estimation Error: 0.12
[[0.74 0.03 0.04 0.03 0.03 0.03 0.03 0.03 0.03 0.03]
 [0.03 0.76 0.02 0.03 0.02 0.03 0.03 0.03 0.03 0.03]
 [0.03 0.03 0.73 0.03 0.03 0.03 0.03 0.03 0.03 0.03]
 [0.03 0.03 0.03 0.71 0.03 0.05 0.03 0.03 0.03 0.02]
 [0.03 0.03 0.03 0.03 0.73 0.03 0.03 0.03 0.03 0.03]
 [0.03 0.03 0.03 0.05 0.03 0.71 0.03 0.03 0.03 0.03]
 [0.03 0.03 0.03 0.03 0.03 0.03 0.74 0.03 0.03 0.02]
 [0.03 0.03 0.03 0.03 0.03 0.04 0.02 0.75 0.03 0.03]
 [0.03 0.03 0.03 0.03 0.03 0.02 0.03 0.03 0.76 0.03]
 [0.03 0.03 0.03 0.03 0.02 0.03 0.02 0.02 0.03 0.75]]
epoch 31
Train Loss: 1.005473, Vol_loss: -3.085163  Acc: 0.771200
Val Loss: 1.179577, Acc: 0.714000
Test Loss: 0.396462, Acc: 0.890300
Estimation Error: 0.12
[[0.74 0.03 0.04 0.03 0.03 0.03 0.03 0.03 0.03 0.03]
 [0.03 0.76 0.02 0.03 0.02 0.03 0.03 0.03 0.03 0.03]
 [0.03 0.03 0.73 0.03 0.03 0.03 0.03 0.03 0.03 0.03]
 [0.03 0.03 0.03 0.71 0.03 0.05 0.03 0.03 0.03 0.02]
 [0.03 0.03 0.03 0.03 0.73 0.03 0.03 0.03 0.03 0.03]
 [0.03 0.03 0.03 0.05 0.03 0.72 0.03 0.03 0.03 0.03]
 [0.03 0.03 0.03 0.03 0.03 0.03 0.74 0.03 0.03 0.02]
 [0.03 0.03 0.03 0.03 0.03 0.04 0.02 0.75 0.03 0.03]
 [0.03 0.03 0.03 0.03 0.03 0.02 0.03 0.03 0.76 0.03]
 [0.03 0.03 0.03 0.03 0.02 0.03 0.02 0.02 0.03 0.75]]
epoch 32
Train Loss: 0.989387, Vol_loss: -3.078298  Acc: 0.779044
Val Loss: 1.179897, Acc: 0.713800
Test Loss: 0.387730, Acc: 0.893300
Estimation Error: 0.12
[[0.74 0.03 0.04 0.03 0.03 0.03 0.03 0.03 0.03 0.03]
 [0.03 0.76 0.02 0.03 0.02 0.02 0.02 0.03 0.03 0.03]
 [0.03 0.03 0.73 0.03 0.03 0.03 0.03 0.03 0.03 0.03]
 [0.03 0.03 0.03 0.71 0.03 0.05 0.03 0.03 0.03 0.02]
 [0.03 0.03 0.03 0.03 0.73 0.03 0.03 0.03 0.03 0.03]
 [0.03 0.03 0.03 0.05 0.03 0.72 0.03 0.03 0.03 0.03]
 [0.03 0.03 0.03 0.03 0.03 0.03 0.74 0.03 0.03 0.02]
 [0.03 0.03 0.03 0.03 0.03 0.04 0.02 0.75 0.03 0.03]
 [0.03 0.03 0.03 0.03 0.03 0.02 0.03 0.03 0.76 0.03]
 [0.03 0.03 0.03 0.03 0.02 0.03 0.02 0.02 0.03 0.75]]
epoch 33
Train Loss: 0.984356, Vol_loss: -3.071540  Acc: 0.780200
Val Loss: 1.179749, Acc: 0.716200
Test Loss: 0.387824, Acc: 0.892100
Estimation Error: 0.12
[[0.74 0.03 0.03 0.03 0.03 0.03 0.03 0.03 0.03 0.03]
 [0.03 0.76 0.02 0.03 0.02 0.02 0.02 0.03 0.03 0.03]
 [0.03 0.03 0.73 0.03 0.03 0.03 0.03 0.03 0.03 0.03]
 [0.03 0.03 0.03 0.71 0.03 0.05 0.03 0.03 0.03 0.02]
 [0.03 0.03 0.03 0.03 0.73 0.03 0.03 0.03 0.03 0.03]
 [0.03 0.03 0.03 0.05 0.03 0.72 0.03 0.03 0.03 0.03]
 [0.03 0.03 0.03 0.03 0.03 0.03 0.74 0.03 0.03 0.02]
 [0.03 0.03 0.03 0.03 0.03 0.04 0.02 0.75 0.03 0.03]
 [0.03 0.03 0.03 0.03 0.03 0.02 0.03 0.03 0.76 0.03]
 [0.03 0.03 0.03 0.03 0.02 0.03 0.02 0.02 0.03 0.76]]
epoch 34
Train Loss: 0.977425, Vol_loss: -3.064574  Acc: 0.783156
Val Loss: 1.183241, Acc: 0.715200
Test Loss: 0.394467, Acc: 0.893500
Estimation Error: 0.12
[[0.74 0.03 0.03 0.03 0.03 0.03 0.03 0.03 0.03 0.03]
 [0.03 0.76 0.02 0.03 0.02 0.02 0.02 0.03 0.03 0.03]
 [0.03 0.03 0.74 0.03 0.03 0.03 0.03 0.03 0.03 0.03]
 [0.03 0.03 0.03 0.72 0.03 0.05 0.03 0.03 0.03 0.02]
 [0.03 0.03 0.03 0.03 0.73 0.03 0.03 0.03 0.03 0.03]
 [0.03 0.03 0.03 0.05 0.03 0.72 0.03 0.03 0.03 0.03]
 [0.03 0.03 0.03 0.03 0.03 0.03 0.74 0.03 0.03 0.02]
 [0.03 0.03 0.03 0.03 0.03 0.04 0.02 0.75 0.03 0.03]
 [0.03 0.03 0.03 0.03 0.03 0.02 0.03 0.03 0.76 0.03]
 [0.03 0.03 0.03 0.03 0.02 0.03 0.02 0.02 0.03 0.76]]
epoch 35
Train Loss: 0.973483, Vol_loss: -3.057595  Acc: 0.784089
Val Loss: 1.180408, Acc: 0.716400
Test Loss: 0.401465, Acc: 0.892500
Estimation Error: 0.12
[[0.74 0.03 0.03 0.03 0.03 0.03 0.03 0.03 0.03 0.03]
 [0.03 0.77 0.02 0.03 0.02 0.02 0.02 0.03 0.03 0.03]
 [0.03 0.03 0.74 0.03 0.03 0.03 0.03 0.03 0.03 0.03]
 [0.03 0.03 0.03 0.72 0.03 0.05 0.03 0.03 0.03 0.02]
 [0.03 0.03 0.03 0.03 0.73 0.03 0.03 0.03 0.03 0.03]
 [0.03 0.03 0.03 0.05 0.03 0.72 0.03 0.03 0.03 0.03]
 [0.03 0.03 0.03 0.03 0.03 0.03 0.74 0.03 0.03 0.02]
 [0.03 0.03 0.03 0.03 0.03 0.03 0.02 0.75 0.03 0.03]
 [0.03 0.03 0.03 0.03 0.03 0.02 0.03 0.03 0.76 0.03]
 [0.03 0.03 0.03 0.03 0.02 0.03 0.02 0.02 0.03 0.76]]
epoch 36
Train Loss: 0.969983, Vol_loss: -3.050611  Acc: 0.785000
Val Loss: 1.182101, Acc: 0.712600
Test Loss: 0.399654, Acc: 0.893600
Estimation Error: 0.12
[[0.74 0.03 0.03 0.03 0.03 0.03 0.03 0.03 0.03 0.03]
 [0.03 0.77 0.02 0.03 0.02 0.02 0.02 0.03 0.03 0.03]
 [0.03 0.03 0.74 0.03 0.03 0.03 0.03 0.03 0.03 0.03]
 [0.03 0.03 0.03 0.72 0.03 0.05 0.03 0.03 0.03 0.02]
 [0.03 0.03 0.03 0.03 0.73 0.03 0.03 0.03 0.03 0.03]
 [0.03 0.03 0.03 0.04 0.03 0.72 0.03 0.03 0.03 0.03]
 [0.03 0.03 0.03 0.03 0.03 0.03 0.75 0.03 0.03 0.02]
 [0.03 0.03 0.03 0.03 0.03 0.03 0.02 0.75 0.03 0.03]
 [0.03 0.03 0.03 0.03 0.03 0.02 0.03 0.03 0.76 0.03]
 [0.03 0.03 0.03 0.03 0.02 0.03 0.02 0.02 0.03 0.76]]
epoch 37
Train Loss: 0.967543, Vol_loss: -3.043659  Acc: 0.785844
Val Loss: 1.187415, Acc: 0.712200
Test Loss: 0.410956, Acc: 0.891300
Estimation Error: 0.11
[[0.74 0.03 0.03 0.03 0.03 0.03 0.03 0.03 0.03 0.03]
 [0.03 0.77 0.02 0.03 0.02 0.02 0.02 0.03 0.03 0.03]
 [0.03 0.03 0.74 0.03 0.03 0.03 0.03 0.03 0.03 0.03]
 [0.03 0.03 0.03 0.72 0.03 0.05 0.03 0.03 0.03 0.02]
 [0.03 0.03 0.03 0.03 0.73 0.03 0.03 0.03 0.03 0.03]
 [0.03 0.03 0.03 0.04 0.03 0.72 0.03 0.03 0.03 0.03]
 [0.03 0.03 0.03 0.03 0.03 0.03 0.75 0.03 0.03 0.02]
 [0.03 0.03 0.03 0.03 0.03 0.03 0.02 0.75 0.03 0.03]
 [0.03 0.03 0.03 0.03 0.03 0.02 0.03 0.03 0.76 0.03]
 [0.03 0.03 0.03 0.03 0.02 0.03 0.02 0.02 0.03 0.76]]
epoch 38
Train Loss: 0.963966, Vol_loss: -3.036658  Acc: 0.787733
Val Loss: 1.183154, Acc: 0.713800
Test Loss: 0.411680, Acc: 0.890700
Estimation Error: 0.11
[[0.74 0.03 0.03 0.03 0.03 0.03 0.03 0.03 0.03 0.03]
 [0.03 0.77 0.02 0.03 0.02 0.02 0.02 0.03 0.03 0.03]
 [0.03 0.03 0.74 0.03 0.03 0.03 0.03 0.03 0.03 0.03]
 [0.03 0.03 0.03 0.72 0.03 0.05 0.03 0.03 0.03 0.02]
 [0.03 0.03 0.03 0.03 0.73 0.03 0.03 0.03 0.03 0.03]
 [0.03 0.03 0.03 0.04 0.03 0.72 0.03 0.03 0.03 0.03]
 [0.03 0.03 0.03 0.03 0.03 0.03 0.75 0.03 0.03 0.02]
 [0.03 0.03 0.03 0.03 0.03 0.03 0.02 0.75 0.03 0.03]
 [0.03 0.03 0.03 0.03 0.03 0.02 0.03 0.03 0.76 0.03]
 [0.03 0.03 0.03 0.03 0.02 0.03 0.02 0.02 0.03 0.76]]
epoch 39
Train Loss: 0.963144, Vol_loss: -3.029740  Acc: 0.788578
Val Loss: 1.181815, Acc: 0.714800
Test Loss: 0.408734, Acc: 0.891800
Estimation Error: 0.11
[[0.74 0.03 0.03 0.03 0.03 0.03 0.03 0.03 0.03 0.03]
 [0.03 0.77 0.02 0.03 0.02 0.02 0.02 0.03 0.03 0.03]
 [0.03 0.03 0.74 0.03 0.03 0.03 0.03 0.03 0.03 0.03]
 [0.03 0.03 0.03 0.72 0.03 0.05 0.03 0.03 0.03 0.02]
 [0.03 0.03 0.03 0.03 0.74 0.03 0.03 0.03 0.03 0.03]
 [0.03 0.03 0.03 0.04 0.03 0.72 0.03 0.03 0.03 0.03]
 [0.03 0.03 0.03 0.03 0.03 0.03 0.75 0.03 0.03 0.02]
 [0.03 0.03 0.03 0.03 0.03 0.03 0.02 0.75 0.03 0.03]
 [0.03 0.03 0.03 0.03 0.03 0.02 0.03 0.03 0.76 0.03]
 [0.03 0.03 0.03 0.03 0.02 0.03 0.02 0.02 0.03 0.76]]
epoch 40
Train Loss: 0.958457, Vol_loss: -3.022766  Acc: 0.789822
Val Loss: 1.187009, Acc: 0.715000
Test Loss: 0.412441, Acc: 0.892900
Estimation Error: 0.11
[[0.74 0.03 0.03 0.03 0.03 0.03 0.03 0.03 0.03 0.03]
 [0.03 0.77 0.02 0.03 0.02 0.02 0.02 0.03 0.03 0.03]
 [0.03 0.03 0.74 0.03 0.03 0.03 0.03 0.03 0.03 0.03]
 [0.03 0.03 0.03 0.72 0.03 0.05 0.03 0.03 0.03 0.02]
 [0.03 0.03 0.03 0.03 0.74 0.03 0.03 0.03 0.03 0.03]
 [0.03 0.03 0.03 0.04 0.03 0.72 0.03 0.03 0.03 0.03]
 [0.03 0.03 0.03 0.03 0.03 0.03 0.75 0.03 0.03 0.02]
 [0.03 0.02 0.03 0.03 0.03 0.03 0.02 0.75 0.03 0.03]
 [0.03 0.03 0.03 0.03 0.03 0.02 0.03 0.03 0.76 0.03]
 [0.03 0.03 0.03 0.03 0.02 0.03 0.02 0.02 0.03 0.76]]
epoch 41
Train Loss: 0.957080, Vol_loss: -3.015852  Acc: 0.789600
Val Loss: 1.189415, Acc: 0.711800
Test Loss: 0.414672, Acc: 0.891900
Estimation Error: 0.11
[[0.74 0.03 0.03 0.03 0.03 0.03 0.03 0.03 0.03 0.03]
 [0.03 0.77 0.02 0.03 0.02 0.02 0.02 0.03 0.03 0.03]
 [0.03 0.03 0.74 0.03 0.03 0.03 0.03 0.03 0.03 0.03]
 [0.03 0.03 0.03 0.72 0.03 0.05 0.03 0.03 0.03 0.02]
 [0.03 0.03 0.03 0.03 0.74 0.03 0.03 0.03 0.03 0.03]
 [0.03 0.03 0.03 0.04 0.03 0.72 0.03 0.03 0.03 0.03]
 [0.03 0.03 0.03 0.03 0.03 0.03 0.75 0.03 0.03 0.02]
 [0.03 0.02 0.03 0.03 0.03 0.03 0.02 0.75 0.03 0.03]
 [0.03 0.03 0.03 0.03 0.03 0.02 0.03 0.03 0.76 0.03]
 [0.03 0.03 0.03 0.03 0.02 0.03 0.02 0.02 0.03 0.76]]
epoch 42
Train Loss: 0.952921, Vol_loss: -3.008906  Acc: 0.791244
Val Loss: 1.187806, Acc: 0.711400
Test Loss: 0.422796, Acc: 0.889400
Estimation Error: 0.11
[[0.74 0.03 0.03 0.03 0.03 0.03 0.03 0.03 0.03 0.03]
 [0.03 0.77 0.02 0.03 0.02 0.02 0.02 0.03 0.03 0.03]
 [0.03 0.03 0.74 0.03 0.03 0.03 0.03 0.03 0.03 0.03]
 [0.03 0.03 0.03 0.72 0.03 0.05 0.03 0.03 0.03 0.02]
 [0.03 0.03 0.03 0.03 0.74 0.03 0.03 0.03 0.03 0.03]
 [0.03 0.03 0.03 0.04 0.03 0.72 0.03 0.03 0.03 0.03]
 [0.03 0.03 0.03 0.03 0.03 0.03 0.75 0.03 0.03 0.02]
 [0.03 0.02 0.03 0.03 0.03 0.03 0.02 0.76 0.03 0.03]
 [0.03 0.03 0.03 0.03 0.03 0.02 0.03 0.03 0.76 0.03]
 [0.03 0.03 0.03 0.03 0.02 0.03 0.02 0.02 0.03 0.76]]
epoch 43
Train Loss: 0.951840, Vol_loss: -3.001898  Acc: 0.791933
Val Loss: 1.189841, Acc: 0.712800
Test Loss: 0.424498, Acc: 0.889000
Estimation Error: 0.11
[[0.74 0.03 0.03 0.03 0.03 0.03 0.03 0.03 0.03 0.03]
 [0.03 0.77 0.02 0.03 0.02 0.02 0.02 0.03 0.03 0.03]
 [0.03 0.03 0.74 0.03 0.03 0.03 0.03 0.03 0.03 0.03]
 [0.03 0.03 0.03 0.72 0.03 0.05 0.03 0.03 0.03 0.02]
 [0.03 0.03 0.03 0.03 0.74 0.03 0.03 0.03 0.03 0.03]
 [0.03 0.03 0.03 0.04 0.03 0.72 0.03 0.03 0.03 0.03]
 [0.03 0.03 0.03 0.03 0.03 0.03 0.75 0.03 0.03 0.02]
 [0.03 0.02 0.03 0.03 0.03 0.03 0.02 0.76 0.03 0.03]
 [0.03 0.03 0.03 0.03 0.03 0.02 0.03 0.03 0.76 0.03]
 [0.03 0.03 0.03 0.03 0.02 0.03 0.02 0.02 0.03 0.76]]
epoch 44
Train Loss: 0.949317, Vol_loss: -2.995054  Acc: 0.793178
Val Loss: 1.190592, Acc: 0.713200
Test Loss: 0.424374, Acc: 0.887800
Estimation Error: 0.11
[[0.74 0.03 0.03 0.03 0.03 0.03 0.03 0.03 0.03 0.03]
 [0.03 0.77 0.02 0.03 0.02 0.02 0.02 0.03 0.03 0.03]
 [0.03 0.02 0.74 0.03 0.03 0.03 0.03 0.03 0.03 0.03]
 [0.03 0.03 0.03 0.72 0.03 0.05 0.03 0.03 0.03 0.02]
 [0.03 0.03 0.03 0.03 0.74 0.03 0.03 0.03 0.03 0.03]
 [0.03 0.03 0.03 0.04 0.03 0.72 0.03 0.03 0.03 0.03]
 [0.03 0.03 0.03 0.03 0.03 0.03 0.75 0.03 0.03 0.02]
 [0.03 0.02 0.03 0.03 0.03 0.03 0.02 0.76 0.03 0.03]
 [0.03 0.03 0.03 0.03 0.03 0.02 0.03 0.03 0.76 0.03]
 [0.03 0.03 0.03 0.03 0.02 0.03 0.02 0.02 0.03 0.76]]
epoch 45
Train Loss: 0.947759, Vol_loss: -2.988257  Acc: 0.793533
Val Loss: 1.193098, Acc: 0.711200
Test Loss: 0.427754, Acc: 0.889500
Estimation Error: 0.11
[[0.74 0.03 0.03 0.03 0.03 0.03 0.03 0.03 0.03 0.03]
 [0.03 0.77 0.02 0.03 0.02 0.02 0.02 0.03 0.03 0.03]
 [0.03 0.02 0.74 0.03 0.03 0.03 0.03 0.03 0.03 0.03]
 [0.03 0.03 0.03 0.72 0.03 0.05 0.03 0.03 0.03 0.02]
 [0.03 0.03 0.03 0.03 0.74 0.03 0.03 0.03 0.03 0.03]
 [0.03 0.03 0.03 0.04 0.03 0.72 0.03 0.03 0.03 0.03]
 [0.03 0.03 0.03 0.03 0.03 0.03 0.75 0.03 0.03 0.02]
 [0.03 0.02 0.03 0.03 0.03 0.03 0.02 0.76 0.03 0.03]
 [0.03 0.03 0.03 0.03 0.03 0.02 0.03 0.03 0.76 0.03]
 [0.03 0.03 0.03 0.03 0.02 0.03 0.02 0.02 0.03 0.76]]
epoch 46
Train Loss: 0.945021, Vol_loss: -2.981457  Acc: 0.794556
Val Loss: 1.198347, Acc: 0.709800
Test Loss: 0.430173, Acc: 0.889900
Estimation Error: 0.11
[[0.74 0.03 0.03 0.03 0.03 0.03 0.03 0.03 0.03 0.03]
 [0.03 0.77 0.02 0.03 0.02 0.02 0.02 0.03 0.03 0.03]
 [0.03 0.02 0.74 0.03 0.03 0.03 0.03 0.03 0.03 0.03]
 [0.03 0.03 0.03 0.72 0.03 0.05 0.03 0.03 0.03 0.02]
 [0.03 0.03 0.03 0.03 0.74 0.03 0.03 0.03 0.03 0.03]
 [0.03 0.03 0.03 0.04 0.03 0.72 0.03 0.03 0.03 0.03]
 [0.03 0.03 0.03 0.03 0.03 0.03 0.75 0.03 0.03 0.02]
 [0.03 0.02 0.03 0.03 0.03 0.03 0.02 0.76 0.03 0.03]
 [0.03 0.03 0.03 0.03 0.03 0.02 0.03 0.03 0.76 0.03]
 [0.03 0.03 0.03 0.03 0.02 0.03 0.02 0.02 0.03 0.76]]
epoch 47
Train Loss: 0.945043, Vol_loss: -2.974651  Acc: 0.794578
Val Loss: 1.199627, Acc: 0.710200
Test Loss: 0.434703, Acc: 0.887800
Estimation Error: 0.11
[[0.74 0.03 0.03 0.03 0.03 0.03 0.03 0.03 0.03 0.03]
 [0.03 0.77 0.02 0.03 0.02 0.02 0.02 0.03 0.03 0.03]
 [0.03 0.02 0.74 0.03 0.03 0.03 0.03 0.03 0.03 0.03]
 [0.03 0.03 0.03 0.72 0.03 0.05 0.03 0.03 0.03 0.02]
 [0.03 0.03 0.03 0.03 0.74 0.03 0.03 0.03 0.03 0.03]
 [0.03 0.03 0.03 0.04 0.03 0.72 0.03 0.03 0.03 0.03]
 [0.03 0.03 0.03 0.03 0.03 0.03 0.75 0.03 0.03 0.02]
 [0.03 0.02 0.03 0.03 0.03 0.03 0.02 0.76 0.03 0.03]
 [0.03 0.03 0.03 0.03 0.03 0.02 0.03 0.03 0.76 0.03]
 [0.03 0.03 0.03 0.03 0.02 0.03 0.02 0.02 0.03 0.76]]
epoch 48
Train Loss: 0.936823, Vol_loss: -2.967797  Acc: 0.797244
Val Loss: 1.199218, Acc: 0.710200
Test Loss: 0.439859, Acc: 0.888300
Estimation Error: 0.10
[[0.74 0.03 0.03 0.03 0.03 0.03 0.03 0.03 0.03 0.03]
 [0.03 0.77 0.02 0.03 0.02 0.02 0.02 0.03 0.03 0.03]
 [0.03 0.02 0.74 0.03 0.03 0.03 0.03 0.03 0.03 0.03]
 [0.03 0.03 0.03 0.73 0.03 0.04 0.03 0.03 0.03 0.02]
 [0.03 0.03 0.03 0.03 0.74 0.03 0.03 0.03 0.03 0.03]
 [0.03 0.03 0.03 0.04 0.03 0.72 0.03 0.03 0.03 0.03]
 [0.03 0.03 0.03 0.03 0.03 0.03 0.75 0.03 0.03 0.02]
 [0.03 0.02 0.03 0.03 0.03 0.03 0.02 0.76 0.03 0.03]
 [0.03 0.03 0.03 0.03 0.03 0.02 0.03 0.03 0.76 0.03]
 [0.03 0.03 0.03 0.03 0.02 0.03 0.02 0.02 0.03 0.76]]
epoch 49
Train Loss: 0.936027, Vol_loss: -2.960852  Acc: 0.797644
Val Loss: 1.196045, Acc: 0.709800
Test Loss: 0.441779, Acc: 0.889300
Estimation Error: 0.10
[[0.74 0.03 0.03 0.03 0.03 0.03 0.03 0.03 0.03 0.03]
 [0.03 0.77 0.02 0.03 0.02 0.02 0.02 0.03 0.03 0.03]
 [0.03 0.02 0.74 0.03 0.03 0.03 0.03 0.03 0.03 0.03]
 [0.03 0.03 0.03 0.73 0.03 0.04 0.03 0.03 0.03 0.02]
 [0.03 0.03 0.03 0.03 0.74 0.03 0.03 0.03 0.03 0.03]
 [0.03 0.03 0.03 0.04 0.03 0.73 0.03 0.03 0.03 0.03]
 [0.03 0.03 0.03 0.03 0.03 0.03 0.75 0.03 0.03 0.02]
 [0.03 0.02 0.03 0.03 0.03 0.03 0.02 0.76 0.03 0.03]
 [0.03 0.03 0.03 0.03 0.03 0.02 0.03 0.03 0.76 0.03]
 [0.03 0.03 0.03 0.03 0.02 0.03 0.02 0.02 0.03 0.76]]
epoch 50
Train Loss: 0.934532, Vol_loss: -2.954033  Acc: 0.798222
Val Loss: 1.201291, Acc: 0.708200
Test Loss: 0.451727, Acc: 0.888700
Estimation Error: 0.10
[[0.74 0.03 0.03 0.03 0.03 0.03 0.03 0.03 0.03 0.03]
 [0.03 0.77 0.02 0.03 0.02 0.02 0.02 0.03 0.03 0.03]
 [0.03 0.02 0.74 0.03 0.03 0.03 0.03 0.03 0.03 0.03]
 [0.03 0.03 0.03 0.73 0.03 0.04 0.03 0.03 0.03 0.02]
 [0.03 0.03 0.03 0.03 0.74 0.03 0.03 0.03 0.03 0.03]
 [0.03 0.03 0.03 0.04 0.03 0.73 0.03 0.03 0.03 0.03]
 [0.03 0.03 0.03 0.03 0.03 0.03 0.75 0.03 0.03 0.02]
 [0.03 0.02 0.03 0.03 0.03 0.03 0.02 0.76 0.03 0.03]
 [0.03 0.03 0.03 0.03 0.03 0.02 0.03 0.03 0.76 0.03]
 [0.03 0.03 0.03 0.03 0.02 0.03 0.02 0.02 0.03 0.76]]
epoch 51
Train Loss: 0.932662, Vol_loss: -2.947208  Acc: 0.799222
Val Loss: 1.202830, Acc: 0.707600
Test Loss: 0.453415, Acc: 0.888000
Estimation Error: 0.10
[[0.75 0.03 0.03 0.03 0.03 0.03 0.03 0.03 0.03 0.03]
 [0.03 0.77 0.02 0.03 0.02 0.02 0.02 0.03 0.03 0.03]
 [0.03 0.02 0.75 0.03 0.03 0.03 0.03 0.03 0.03 0.03]
 [0.03 0.03 0.03 0.73 0.03 0.04 0.03 0.03 0.03 0.02]
 [0.03 0.03 0.03 0.03 0.74 0.03 0.03 0.03 0.03 0.03]
 [0.03 0.03 0.03 0.04 0.03 0.73 0.03 0.03 0.03 0.03]
 [0.03 0.03 0.03 0.03 0.03 0.03 0.75 0.03 0.03 0.02]
 [0.03 0.02 0.03 0.03 0.03 0.03 0.02 0.76 0.03 0.03]
 [0.03 0.03 0.03 0.03 0.03 0.02 0.03 0.03 0.76 0.03]
 [0.03 0.03 0.03 0.03 0.02 0.03 0.02 0.02 0.03 0.76]]
epoch 52
Train Loss: 0.930527, Vol_loss: -2.940419  Acc: 0.799178
Val Loss: 1.203512, Acc: 0.710000
Test Loss: 0.459235, Acc: 0.886000
Estimation Error: 0.10
[[0.75 0.03 0.03 0.03 0.03 0.03 0.03 0.03 0.03 0.03]
 [0.03 0.77 0.02 0.03 0.02 0.02 0.02 0.02 0.03 0.03]
 [0.03 0.02 0.75 0.03 0.03 0.03 0.03 0.03 0.03 0.03]
 [0.03 0.03 0.03 0.73 0.03 0.04 0.03 0.03 0.03 0.02]
 [0.03 0.03 0.03 0.03 0.74 0.03 0.03 0.03 0.03 0.03]
 [0.03 0.03 0.03 0.04 0.03 0.73 0.03 0.03 0.03 0.03]
 [0.03 0.03 0.03 0.03 0.03 0.03 0.75 0.03 0.03 0.02]
 [0.03 0.02 0.03 0.03 0.03 0.03 0.02 0.76 0.03 0.03]
 [0.03 0.03 0.03 0.03 0.03 0.02 0.03 0.03 0.76 0.03]
 [0.03 0.03 0.03 0.03 0.02 0.03 0.02 0.02 0.03 0.76]]
epoch 53
Train Loss: 0.929411, Vol_loss: -2.933598  Acc: 0.798978
Val Loss: 1.206770, Acc: 0.707200
Test Loss: 0.456653, Acc: 0.885700
Estimation Error: 0.10
[[0.75 0.03 0.03 0.03 0.03 0.03 0.03 0.03 0.03 0.03]
 [0.03 0.77 0.02 0.03 0.02 0.02 0.02 0.02 0.03 0.03]
 [0.03 0.02 0.75 0.03 0.03 0.03 0.03 0.03 0.03 0.03]
 [0.03 0.02 0.03 0.73 0.03 0.04 0.03 0.03 0.03 0.02]
 [0.03 0.03 0.03 0.03 0.74 0.03 0.03 0.03 0.03 0.03]
 [0.03 0.03 0.03 0.04 0.03 0.73 0.03 0.03 0.03 0.03]
 [0.03 0.03 0.03 0.03 0.03 0.03 0.75 0.03 0.03 0.02]
 [0.03 0.02 0.03 0.03 0.03 0.03 0.02 0.76 0.03 0.03]
 [0.03 0.03 0.03 0.03 0.03 0.02 0.03 0.03 0.76 0.03]
 [0.03 0.03 0.03 0.03 0.02 0.03 0.02 0.02 0.03 0.76]]
epoch 54
Train Loss: 0.924915, Vol_loss: -2.926922  Acc: 0.801867
Val Loss: 1.203553, Acc: 0.706800
Test Loss: 0.464060, Acc: 0.885800
Estimation Error: 0.10
[[0.75 0.03 0.03 0.03 0.03 0.03 0.03 0.03 0.03 0.03]
 [0.03 0.77 0.02 0.03 0.02 0.02 0.02 0.02 0.03 0.03]
 [0.03 0.02 0.75 0.03 0.03 0.03 0.03 0.03 0.03 0.03]
 [0.03 0.02 0.03 0.73 0.03 0.04 0.03 0.03 0.03 0.02]
 [0.03 0.03 0.03 0.03 0.74 0.03 0.03 0.03 0.03 0.03]
 [0.03 0.03 0.03 0.04 0.03 0.73 0.03 0.03 0.03 0.03]
 [0.03 0.03 0.03 0.03 0.03 0.03 0.75 0.03 0.03 0.02]
 [0.03 0.02 0.03 0.03 0.03 0.03 0.02 0.76 0.03 0.03]
 [0.03 0.03 0.03 0.03 0.03 0.02 0.03 0.03 0.76 0.03]
 [0.03 0.03 0.03 0.03 0.02 0.03 0.02 0.02 0.03 0.76]]
epoch 55
Train Loss: 0.924007, Vol_loss: -2.920153  Acc: 0.800556
Val Loss: 1.202886, Acc: 0.707400
Test Loss: 0.463452, Acc: 0.886800
Estimation Error: 0.10
[[0.75 0.03 0.03 0.03 0.03 0.03 0.03 0.03 0.03 0.03]
 [0.03 0.77 0.02 0.03 0.02 0.02 0.02 0.02 0.03 0.03]
 [0.03 0.02 0.75 0.03 0.03 0.03 0.03 0.03 0.03 0.03]
 [0.03 0.02 0.03 0.73 0.03 0.04 0.03 0.03 0.03 0.02]
 [0.03 0.03 0.03 0.03 0.74 0.03 0.03 0.03 0.03 0.03]
 [0.03 0.03 0.03 0.04 0.03 0.73 0.03 0.03 0.03 0.03]
 [0.03 0.03 0.03 0.03 0.03 0.03 0.75 0.03 0.03 0.02]
 [0.03 0.02 0.03 0.03 0.03 0.03 0.02 0.76 0.03 0.03]
 [0.03 0.03 0.03 0.03 0.03 0.02 0.03 0.03 0.76 0.03]
 [0.03 0.03 0.03 0.03 0.02 0.03 0.02 0.02 0.03 0.76]]
epoch 56
Train Loss: 0.918961, Vol_loss: -2.913460  Acc: 0.803489
Val Loss: 1.208504, Acc: 0.707800
Test Loss: 0.473396, Acc: 0.883300
Estimation Error: 0.10
[[0.75 0.03 0.03 0.03 0.03 0.03 0.03 0.03 0.03 0.03]
 [0.03 0.77 0.02 0.03 0.02 0.02 0.02 0.02 0.03 0.03]
 [0.03 0.02 0.75 0.03 0.03 0.03 0.03 0.03 0.03 0.03]
 [0.03 0.02 0.03 0.73 0.03 0.04 0.03 0.03 0.03 0.02]
 [0.03 0.03 0.03 0.03 0.74 0.03 0.03 0.03 0.03 0.03]
 [0.03 0.03 0.03 0.04 0.03 0.73 0.03 0.03 0.03 0.03]
 [0.03 0.03 0.03 0.03 0.03 0.03 0.75 0.03 0.03 0.02]
 [0.03 0.02 0.03 0.03 0.03 0.03 0.02 0.76 0.03 0.03]
 [0.03 0.03 0.03 0.03 0.03 0.02 0.03 0.03 0.77 0.02]
 [0.03 0.03 0.03 0.03 0.02 0.03 0.02 0.02 0.03 0.76]]
epoch 57
Train Loss: 0.921678, Vol_loss: -2.906801  Acc: 0.801867
Val Loss: 1.214323, Acc: 0.706600
Test Loss: 0.477663, Acc: 0.884500
Estimation Error: 0.10
[[0.75 0.03 0.03 0.03 0.03 0.03 0.03 0.03 0.03 0.03]
 [0.03 0.77 0.02 0.03 0.02 0.02 0.02 0.02 0.03 0.03]
 [0.03 0.02 0.75 0.03 0.03 0.03 0.03 0.03 0.03 0.03]
 [0.03 0.02 0.03 0.73 0.03 0.04 0.03 0.03 0.03 0.02]
 [0.03 0.03 0.03 0.03 0.74 0.03 0.03 0.03 0.03 0.03]
 [0.03 0.03 0.03 0.04 0.03 0.73 0.03 0.03 0.03 0.03]
 [0.03 0.03 0.03 0.03 0.03 0.03 0.75 0.03 0.03 0.02]
 [0.03 0.02 0.03 0.03 0.03 0.03 0.02 0.76 0.03 0.03]
 [0.03 0.03 0.03 0.03 0.03 0.02 0.03 0.03 0.77 0.02]
 [0.03 0.03 0.03 0.03 0.02 0.03 0.02 0.02 0.03 0.76]]
epoch 58
Train Loss: 0.916606, Vol_loss: -2.900144  Acc: 0.805089
Val Loss: 1.214300, Acc: 0.707000
Test Loss: 0.475011, Acc: 0.883300
Estimation Error: 0.09
[[0.75 0.03 0.03 0.03 0.03 0.03 0.03 0.03 0.03 0.03]
 [0.03 0.77 0.02 0.03 0.02 0.02 0.02 0.02 0.03 0.03]
 [0.03 0.02 0.75 0.03 0.03 0.03 0.03 0.03 0.03 0.03]
 [0.03 0.02 0.03 0.73 0.03 0.04 0.03 0.03 0.03 0.02]
 [0.03 0.03 0.03 0.03 0.75 0.03 0.03 0.03 0.03 0.03]
 [0.03 0.03 0.03 0.04 0.03 0.73 0.03 0.03 0.03 0.03]
 [0.03 0.03 0.03 0.03 0.03 0.03 0.76 0.03 0.03 0.02]
 [0.03 0.02 0.03 0.03 0.03 0.03 0.02 0.76 0.03 0.03]
 [0.03 0.03 0.02 0.03 0.03 0.02 0.03 0.03 0.77 0.02]
 [0.03 0.03 0.03 0.03 0.02 0.03 0.02 0.02 0.03 0.76]]
epoch 59
Train Loss: 0.915029, Vol_loss: -2.893496  Acc: 0.804689
Val Loss: 1.212793, Acc: 0.705000
Test Loss: 0.479187, Acc: 0.884300
Estimation Error: 0.09
[[0.75 0.03 0.03 0.03 0.03 0.03 0.03 0.03 0.03 0.03]
 [0.03 0.77 0.02 0.03 0.02 0.02 0.02 0.02 0.03 0.03]
 [0.03 0.02 0.75 0.03 0.03 0.03 0.03 0.03 0.03 0.03]
 [0.03 0.02 0.03 0.73 0.03 0.04 0.03 0.03 0.03 0.02]
 [0.03 0.03 0.03 0.03 0.75 0.03 0.03 0.03 0.03 0.03]
 [0.03 0.03 0.03 0.04 0.03 0.73 0.03 0.03 0.03 0.03]
 [0.03 0.03 0.03 0.03 0.03 0.03 0.76 0.03 0.03 0.02]
 [0.03 0.02 0.03 0.03 0.03 0.03 0.02 0.76 0.02 0.03]
 [0.03 0.03 0.02 0.03 0.03 0.02 0.03 0.03 0.77 0.02]
 [0.03 0.03 0.03 0.03 0.02 0.03 0.02 0.02 0.03 0.77]]
epoch 60
Train Loss: 0.914814, Vol_loss: -2.886913  Acc: 0.805111
Val Loss: 1.215536, Acc: 0.704400
Test Loss: 0.486682, Acc: 0.884500
Estimation Error: 0.09
[[0.75 0.03 0.03 0.03 0.03 0.03 0.03 0.03 0.03 0.03]
 [0.03 0.77 0.02 0.03 0.02 0.02 0.02 0.02 0.03 0.03]
 [0.03 0.02 0.75 0.03 0.03 0.03 0.03 0.03 0.03 0.03]
 [0.03 0.02 0.03 0.73 0.03 0.04 0.03 0.03 0.03 0.02]
 [0.03 0.03 0.03 0.03 0.75 0.03 0.03 0.03 0.03 0.03]
 [0.03 0.03 0.03 0.04 0.03 0.73 0.03 0.03 0.03 0.03]
 [0.03 0.03 0.03 0.03 0.03 0.03 0.76 0.03 0.03 0.02]
 [0.03 0.02 0.03 0.03 0.03 0.03 0.02 0.76 0.02 0.03]
 [0.03 0.03 0.02 0.03 0.03 0.02 0.03 0.03 0.77 0.02]
 [0.03 0.03 0.03 0.03 0.02 0.03 0.02 0.02 0.03 0.77]]
epoch 61
Train Loss: 0.908200, Vol_loss: -2.883298  Acc: 0.807044
Val Loss: 1.213638, Acc: 0.706000
Test Loss: 0.482287, Acc: 0.885800
Estimation Error: 0.09
[[0.75 0.03 0.03 0.03 0.03 0.03 0.03 0.03 0.03 0.03]
 [0.03 0.77 0.02 0.03 0.02 0.02 0.02 0.02 0.03 0.03]
 [0.03 0.02 0.75 0.03 0.03 0.03 0.03 0.03 0.03 0.03]
 [0.03 0.02 0.03 0.73 0.03 0.04 0.03 0.03 0.03 0.02]
 [0.03 0.03 0.03 0.03 0.75 0.03 0.03 0.03 0.03 0.03]
 [0.03 0.03 0.03 0.04 0.03 0.73 0.03 0.03 0.03 0.03]
 [0.03 0.03 0.03 0.03 0.03 0.03 0.76 0.03 0.03 0.02]
 [0.03 0.02 0.03 0.03 0.03 0.03 0.02 0.76 0.02 0.03]
 [0.03 0.03 0.02 0.03 0.03 0.02 0.03 0.03 0.77 0.02]
 [0.03 0.03 0.03 0.03 0.02 0.03 0.02 0.02 0.03 0.77]]
epoch 62
Train Loss: 0.906302, Vol_loss: -2.882635  Acc: 0.808200
Val Loss: 1.215205, Acc: 0.704800
Test Loss: 0.480707, Acc: 0.886200
Estimation Error: 0.09
[[0.75 0.03 0.03 0.03 0.03 0.03 0.03 0.03 0.03 0.03]
 [0.03 0.77 0.02 0.03 0.02 0.02 0.02 0.02 0.03 0.03]
 [0.03 0.02 0.75 0.03 0.03 0.03 0.03 0.03 0.03 0.03]
 [0.03 0.02 0.03 0.73 0.03 0.04 0.03 0.03 0.03 0.02]
 [0.03 0.03 0.03 0.03 0.75 0.03 0.03 0.03 0.03 0.03]
 [0.03 0.03 0.03 0.04 0.03 0.73 0.03 0.03 0.03 0.03]
 [0.03 0.03 0.03 0.03 0.03 0.03 0.76 0.03 0.03 0.02]
 [0.03 0.02 0.03 0.03 0.03 0.03 0.02 0.76 0.02 0.03]
 [0.03 0.03 0.02 0.03 0.03 0.02 0.03 0.03 0.77 0.02]
 [0.03 0.03 0.03 0.03 0.02 0.03 0.02 0.02 0.03 0.77]]
epoch 63
Train Loss: 0.906990, Vol_loss: -2.881973  Acc: 0.807644
Val Loss: 1.214300, Acc: 0.706000
Test Loss: 0.480018, Acc: 0.886000
Estimation Error: 0.09
[[0.75 0.03 0.03 0.03 0.03 0.03 0.03 0.03 0.03 0.03]
 [0.03 0.77 0.02 0.03 0.02 0.02 0.02 0.02 0.03 0.03]
 [0.03 0.02 0.75 0.03 0.03 0.03 0.03 0.03 0.03 0.03]
 [0.03 0.02 0.03 0.73 0.03 0.04 0.03 0.03 0.03 0.02]
 [0.03 0.03 0.03 0.03 0.75 0.03 0.03 0.03 0.03 0.03]
 [0.03 0.03 0.03 0.04 0.03 0.73 0.03 0.03 0.03 0.03]
 [0.03 0.03 0.03 0.03 0.03 0.03 0.76 0.03 0.03 0.02]
 [0.03 0.02 0.03 0.03 0.03 0.03 0.02 0.76 0.02 0.03]
 [0.03 0.03 0.02 0.03 0.03 0.02 0.03 0.03 0.77 0.02]
 [0.03 0.03 0.03 0.03 0.02 0.03 0.02 0.02 0.03 0.77]]
epoch 64
Train Loss: 0.905509, Vol_loss: -2.881299  Acc: 0.809333
Val Loss: 1.214093, Acc: 0.705200
Test Loss: 0.481383, Acc: 0.886600
Estimation Error: 0.09
[[0.75 0.03 0.03 0.03 0.03 0.03 0.03 0.03 0.03 0.03]
 [0.03 0.77 0.02 0.03 0.02 0.02 0.02 0.02 0.03 0.03]
 [0.03 0.02 0.75 0.03 0.03 0.03 0.03 0.03 0.03 0.03]
 [0.03 0.02 0.03 0.73 0.03 0.04 0.03 0.03 0.03 0.02]
 [0.03 0.03 0.03 0.03 0.75 0.03 0.03 0.03 0.03 0.03]
 [0.03 0.03 0.03 0.04 0.03 0.73 0.03 0.03 0.03 0.03]
 [0.03 0.03 0.03 0.03 0.03 0.03 0.76 0.03 0.03 0.02]
 [0.03 0.02 0.03 0.03 0.03 0.03 0.02 0.76 0.02 0.03]
 [0.03 0.03 0.02 0.03 0.03 0.02 0.03 0.03 0.77 0.02]
 [0.03 0.03 0.03 0.03 0.02 0.03 0.02 0.02 0.03 0.77]]
epoch 65
Train Loss: 0.903296, Vol_loss: -2.880646  Acc: 0.809800
Val Loss: 1.215075, Acc: 0.705400
Test Loss: 0.475522, Acc: 0.887000
Estimation Error: 0.09
[[0.75 0.03 0.03 0.03 0.03 0.03 0.03 0.03 0.03 0.03]
 [0.03 0.77 0.02 0.03 0.02 0.02 0.02 0.02 0.03 0.03]
 [0.03 0.02 0.75 0.03 0.03 0.03 0.03 0.03 0.03 0.03]
 [0.03 0.02 0.03 0.73 0.03 0.04 0.03 0.03 0.03 0.02]
 [0.03 0.03 0.03 0.03 0.75 0.03 0.03 0.03 0.03 0.03]
 [0.03 0.03 0.03 0.04 0.03 0.73 0.03 0.03 0.03 0.03]
 [0.03 0.03 0.03 0.03 0.03 0.03 0.76 0.03 0.03 0.02]
 [0.03 0.02 0.03 0.03 0.03 0.03 0.02 0.76 0.02 0.03]
 [0.03 0.03 0.02 0.03 0.03 0.02 0.03 0.03 0.77 0.02]
 [0.03 0.03 0.03 0.03 0.02 0.03 0.02 0.02 0.03 0.77]]
epoch 66
Train Loss: 0.905038, Vol_loss: -2.879967  Acc: 0.808444
Val Loss: 1.215141, Acc: 0.704400
Test Loss: 0.479143, Acc: 0.886400
Estimation Error: 0.09
[[0.75 0.03 0.03 0.03 0.03 0.03 0.03 0.03 0.03 0.03]
 [0.03 0.77 0.02 0.03 0.02 0.02 0.02 0.02 0.03 0.03]
 [0.03 0.02 0.75 0.03 0.03 0.03 0.03 0.03 0.03 0.03]
 [0.03 0.02 0.03 0.73 0.03 0.04 0.03 0.03 0.03 0.02]
 [0.03 0.03 0.03 0.03 0.75 0.03 0.03 0.03 0.03 0.03]
 [0.03 0.03 0.03 0.04 0.03 0.73 0.03 0.03 0.03 0.03]
 [0.03 0.03 0.03 0.03 0.03 0.03 0.76 0.03 0.03 0.02]
 [0.03 0.02 0.03 0.03 0.03 0.03 0.02 0.76 0.02 0.03]
 [0.03 0.03 0.02 0.03 0.03 0.02 0.03 0.03 0.77 0.02]
 [0.03 0.03 0.03 0.03 0.02 0.03 0.02 0.02 0.03 0.77]]
epoch 67
Train Loss: 0.904091, Vol_loss: -2.879297  Acc: 0.809111
Val Loss: 1.213614, Acc: 0.704200
Test Loss: 0.479353, Acc: 0.886000
Estimation Error: 0.09
[[0.75 0.03 0.03 0.03 0.03 0.03 0.03 0.03 0.03 0.03]
 [0.03 0.77 0.02 0.03 0.02 0.02 0.02 0.02 0.03 0.03]
 [0.03 0.02 0.75 0.03 0.03 0.03 0.03 0.03 0.03 0.03]
 [0.03 0.02 0.03 0.73 0.03 0.04 0.03 0.03 0.03 0.02]
 [0.03 0.03 0.03 0.03 0.75 0.03 0.03 0.03 0.03 0.03]
 [0.03 0.03 0.03 0.04 0.03 0.73 0.03 0.03 0.03 0.03]
 [0.03 0.03 0.03 0.03 0.03 0.03 0.76 0.03 0.03 0.02]
 [0.03 0.02 0.03 0.03 0.03 0.03 0.02 0.76 0.02 0.03]
 [0.03 0.03 0.02 0.03 0.03 0.02 0.03 0.03 0.77 0.02]
 [0.03 0.03 0.03 0.03 0.02 0.03 0.02 0.02 0.03 0.77]]
epoch 68
Train Loss: 0.902742, Vol_loss: -2.878636  Acc: 0.809400
Val Loss: 1.213542, Acc: 0.705000
Test Loss: 0.480472, Acc: 0.887100
Estimation Error: 0.09
[[0.75 0.03 0.03 0.03 0.03 0.03 0.03 0.03 0.03 0.03]
 [0.03 0.77 0.02 0.03 0.02 0.02 0.02 0.02 0.03 0.03]
 [0.03 0.02 0.75 0.03 0.03 0.03 0.03 0.03 0.03 0.03]
 [0.03 0.02 0.03 0.73 0.03 0.04 0.03 0.03 0.03 0.02]
 [0.03 0.03 0.03 0.03 0.75 0.03 0.03 0.03 0.03 0.03]
 [0.03 0.03 0.03 0.04 0.03 0.73 0.03 0.03 0.03 0.03]
 [0.03 0.03 0.03 0.03 0.03 0.03 0.76 0.03 0.03 0.02]
 [0.03 0.02 0.03 0.03 0.03 0.03 0.02 0.76 0.02 0.03]
 [0.03 0.03 0.02 0.03 0.03 0.02 0.03 0.03 0.77 0.02]
 [0.03 0.03 0.03 0.03 0.02 0.03 0.02 0.02 0.03 0.77]]
epoch 69
Train Loss: 0.902332, Vol_loss: -2.877966  Acc: 0.809822
Val Loss: 1.213478, Acc: 0.705000
Test Loss: 0.478802, Acc: 0.885600
Estimation Error: 0.09
[[0.75 0.03 0.03 0.03 0.03 0.03 0.03 0.03 0.03 0.03]
 [0.03 0.77 0.02 0.03 0.02 0.02 0.02 0.02 0.03 0.03]
 [0.03 0.02 0.75 0.03 0.03 0.03 0.03 0.03 0.03 0.03]
 [0.03 0.02 0.03 0.73 0.03 0.04 0.03 0.03 0.03 0.02]
 [0.03 0.03 0.03 0.03 0.75 0.03 0.03 0.03 0.03 0.03]
 [0.03 0.03 0.03 0.04 0.03 0.73 0.03 0.03 0.03 0.03]
 [0.03 0.03 0.03 0.03 0.03 0.03 0.76 0.03 0.03 0.02]
 [0.03 0.02 0.03 0.03 0.03 0.03 0.02 0.76 0.02 0.03]
 [0.03 0.03 0.02 0.03 0.03 0.02 0.03 0.03 0.77 0.02]
 [0.03 0.03 0.03 0.03 0.02 0.03 0.02 0.02 0.03 0.77]]
epoch 70
Train Loss: 0.903095, Vol_loss: -2.877295  Acc: 0.809356
Val Loss: 1.217837, Acc: 0.704800
Test Loss: 0.486946, Acc: 0.884200
Estimation Error: 0.09
[[0.75 0.03 0.03 0.03 0.03 0.03 0.03 0.03 0.03 0.03]
 [0.03 0.77 0.02 0.03 0.02 0.02 0.02 0.02 0.03 0.03]
 [0.03 0.02 0.75 0.03 0.03 0.03 0.03 0.03 0.03 0.03]
 [0.03 0.02 0.03 0.73 0.03 0.04 0.03 0.03 0.03 0.02]
 [0.03 0.03 0.03 0.03 0.75 0.03 0.03 0.03 0.03 0.03]
 [0.03 0.03 0.03 0.04 0.03 0.73 0.03 0.03 0.03 0.03]
 [0.03 0.03 0.03 0.03 0.03 0.03 0.76 0.03 0.03 0.02]
 [0.03 0.02 0.03 0.03 0.03 0.03 0.02 0.76 0.02 0.03]
 [0.03 0.03 0.02 0.03 0.03 0.02 0.03 0.03 0.77 0.02]
 [0.03 0.03 0.03 0.03 0.02 0.03 0.02 0.02 0.03 0.77]]
epoch 71
Train Loss: 0.903246, Vol_loss: -2.876632  Acc: 0.809556
Val Loss: 1.214863, Acc: 0.704200
Test Loss: 0.483105, Acc: 0.885000
Estimation Error: 0.09
[[0.75 0.03 0.03 0.03 0.03 0.03 0.03 0.03 0.03 0.03]
 [0.03 0.77 0.02 0.03 0.02 0.02 0.02 0.02 0.03 0.03]
 [0.03 0.02 0.75 0.03 0.03 0.03 0.03 0.03 0.03 0.03]
 [0.03 0.02 0.03 0.73 0.03 0.04 0.03 0.03 0.03 0.02]
 [0.03 0.03 0.03 0.03 0.75 0.03 0.03 0.03 0.03 0.03]
 [0.03 0.03 0.03 0.04 0.03 0.73 0.03 0.03 0.03 0.03]
 [0.03 0.03 0.03 0.03 0.03 0.03 0.76 0.03 0.03 0.02]
 [0.03 0.02 0.03 0.03 0.03 0.03 0.02 0.76 0.02 0.03]
 [0.03 0.03 0.02 0.03 0.03 0.02 0.03 0.03 0.77 0.02]
 [0.03 0.03 0.03 0.03 0.02 0.03 0.02 0.02 0.03 0.77]]
epoch 72
Train Loss: 0.902986, Vol_loss: -2.875963  Acc: 0.809733
Val Loss: 1.212597, Acc: 0.705400
Test Loss: 0.483722, Acc: 0.886200
Estimation Error: 0.09
[[0.75 0.03 0.03 0.03 0.03 0.03 0.03 0.03 0.03 0.03]
 [0.03 0.77 0.02 0.03 0.02 0.02 0.02 0.02 0.03 0.03]
 [0.03 0.02 0.75 0.03 0.03 0.03 0.03 0.03 0.03 0.03]
 [0.03 0.02 0.03 0.73 0.03 0.04 0.03 0.03 0.03 0.02]
 [0.03 0.03 0.03 0.03 0.75 0.03 0.03 0.03 0.03 0.03]
 [0.03 0.03 0.03 0.04 0.03 0.73 0.03 0.03 0.03 0.03]
 [0.03 0.03 0.03 0.03 0.03 0.03 0.76 0.03 0.03 0.02]
 [0.03 0.02 0.03 0.03 0.03 0.03 0.02 0.76 0.02 0.03]
 [0.03 0.03 0.02 0.03 0.03 0.02 0.03 0.03 0.77 0.02]
 [0.03 0.03 0.03 0.03 0.02 0.03 0.02 0.02 0.03 0.77]]
epoch 73
Train Loss: 0.901052, Vol_loss: -2.875290  Acc: 0.809756
Val Loss: 1.214325, Acc: 0.706800
Test Loss: 0.484917, Acc: 0.885500
Estimation Error: 0.09
[[0.75 0.03 0.03 0.03 0.03 0.03 0.03 0.03 0.03 0.03]
 [0.03 0.77 0.02 0.03 0.02 0.02 0.02 0.02 0.03 0.03]
 [0.03 0.02 0.75 0.03 0.03 0.03 0.03 0.03 0.03 0.03]
 [0.03 0.02 0.03 0.73 0.03 0.04 0.03 0.03 0.03 0.02]
 [0.03 0.03 0.03 0.03 0.75 0.03 0.03 0.03 0.03 0.03]
 [0.03 0.03 0.03 0.04 0.03 0.73 0.03 0.03 0.03 0.03]
 [0.03 0.03 0.03 0.03 0.03 0.03 0.76 0.03 0.03 0.02]
 [0.03 0.02 0.03 0.03 0.03 0.03 0.02 0.76 0.02 0.03]
 [0.03 0.03 0.02 0.03 0.03 0.02 0.03 0.03 0.77 0.02]
 [0.03 0.03 0.03 0.03 0.02 0.03 0.02 0.02 0.03 0.77]]
epoch 74
Train Loss: 0.903093, Vol_loss: -2.874626  Acc: 0.809400
Val Loss: 1.213430, Acc: 0.706600
Test Loss: 0.485748, Acc: 0.885700
Estimation Error: 0.09
[[0.75 0.03 0.03 0.03 0.03 0.03 0.03 0.03 0.03 0.03]
 [0.03 0.77 0.02 0.03 0.02 0.02 0.02 0.02 0.03 0.03]
 [0.03 0.02 0.75 0.03 0.03 0.03 0.03 0.03 0.03 0.03]
 [0.03 0.02 0.03 0.73 0.03 0.04 0.03 0.03 0.03 0.02]
 [0.03 0.03 0.03 0.03 0.75 0.03 0.03 0.03 0.03 0.03]
 [0.03 0.03 0.03 0.04 0.03 0.73 0.03 0.03 0.03 0.03]
 [0.03 0.03 0.03 0.03 0.03 0.03 0.76 0.03 0.03 0.02]
 [0.03 0.02 0.03 0.03 0.03 0.03 0.02 0.76 0.02 0.03]
 [0.03 0.03 0.02 0.03 0.03 0.02 0.03 0.03 0.77 0.02]
 [0.03 0.03 0.03 0.03 0.02 0.03 0.02 0.02 0.03 0.77]]
epoch 75
Train Loss: 0.902905, Vol_loss: -2.873975  Acc: 0.809400
Val Loss: 1.213873, Acc: 0.706800
Test Loss: 0.488876, Acc: 0.884600
Estimation Error: 0.09
[[0.75 0.03 0.03 0.03 0.03 0.03 0.03 0.03 0.03 0.03]
 [0.03 0.77 0.02 0.03 0.02 0.02 0.02 0.02 0.03 0.03]
 [0.03 0.02 0.75 0.03 0.03 0.03 0.03 0.03 0.03 0.03]
 [0.03 0.02 0.03 0.73 0.03 0.04 0.03 0.03 0.03 0.02]
 [0.03 0.03 0.03 0.03 0.75 0.03 0.03 0.03 0.03 0.03]
 [0.03 0.03 0.03 0.04 0.03 0.73 0.03 0.03 0.03 0.03]
 [0.03 0.03 0.03 0.03 0.03 0.03 0.76 0.03 0.03 0.02]
 [0.03 0.02 0.03 0.03 0.03 0.03 0.02 0.76 0.02 0.03]
 [0.03 0.03 0.02 0.03 0.03 0.02 0.03 0.03 0.77 0.02]
 [0.03 0.03 0.03 0.03 0.02 0.03 0.02 0.02 0.03 0.77]]
epoch 76
Train Loss: 0.900740, Vol_loss: -2.873301  Acc: 0.810133
Val Loss: 1.214140, Acc: 0.704400
Test Loss: 0.484608, Acc: 0.886500
Estimation Error: 0.09
[[0.75 0.03 0.03 0.03 0.03 0.03 0.03 0.03 0.03 0.03]
 [0.03 0.77 0.02 0.03 0.02 0.02 0.02 0.02 0.03 0.03]
 [0.03 0.02 0.75 0.03 0.03 0.03 0.03 0.03 0.03 0.03]
 [0.03 0.02 0.03 0.74 0.03 0.04 0.03 0.03 0.03 0.02]
 [0.03 0.03 0.03 0.03 0.75 0.03 0.03 0.03 0.03 0.03]
 [0.03 0.03 0.03 0.04 0.03 0.73 0.03 0.03 0.03 0.03]
 [0.03 0.03 0.03 0.03 0.03 0.03 0.76 0.03 0.03 0.02]
 [0.03 0.02 0.03 0.03 0.03 0.03 0.02 0.76 0.02 0.03]
 [0.03 0.03 0.02 0.03 0.03 0.02 0.03 0.03 0.77 0.02]
 [0.03 0.03 0.03 0.03 0.02 0.03 0.02 0.02 0.03 0.77]]
epoch 77
Train Loss: 0.900862, Vol_loss: -2.872628  Acc: 0.810333
Val Loss: 1.213520, Acc: 0.705000
Test Loss: 0.485639, Acc: 0.885100
Estimation Error: 0.09
[[0.75 0.03 0.03 0.03 0.03 0.03 0.03 0.03 0.03 0.03]
 [0.03 0.77 0.02 0.03 0.02 0.02 0.02 0.02 0.03 0.03]
 [0.03 0.02 0.75 0.03 0.03 0.03 0.03 0.03 0.03 0.03]
 [0.03 0.02 0.03 0.74 0.03 0.04 0.03 0.03 0.03 0.02]
 [0.03 0.03 0.03 0.03 0.75 0.03 0.03 0.03 0.03 0.03]
 [0.03 0.03 0.03 0.04 0.03 0.73 0.03 0.03 0.03 0.03]
 [0.03 0.03 0.03 0.03 0.03 0.03 0.76 0.03 0.03 0.02]
 [0.03 0.02 0.03 0.03 0.03 0.03 0.02 0.76 0.02 0.03]
 [0.03 0.03 0.02 0.03 0.03 0.02 0.03 0.03 0.77 0.02]
 [0.03 0.03 0.03 0.03 0.02 0.03 0.02 0.02 0.03 0.77]]
epoch 78
Train Loss: 0.899315, Vol_loss: -2.871956  Acc: 0.810422
Val Loss: 1.214107, Acc: 0.705800
Test Loss: 0.485670, Acc: 0.885400
Estimation Error: 0.09
[[0.75 0.03 0.03 0.03 0.03 0.03 0.03 0.03 0.03 0.03]
 [0.03 0.77 0.02 0.03 0.02 0.02 0.02 0.02 0.03 0.03]
 [0.03 0.02 0.75 0.03 0.03 0.03 0.03 0.03 0.03 0.03]
 [0.03 0.02 0.03 0.74 0.03 0.04 0.03 0.03 0.03 0.02]
 [0.03 0.03 0.03 0.03 0.75 0.03 0.03 0.03 0.03 0.03]
 [0.03 0.03 0.03 0.04 0.03 0.73 0.03 0.03 0.03 0.03]
 [0.03 0.03 0.03 0.03 0.03 0.03 0.76 0.03 0.03 0.02]
 [0.03 0.02 0.03 0.03 0.03 0.03 0.02 0.76 0.02 0.03]
 [0.03 0.03 0.02 0.03 0.03 0.02 0.03 0.03 0.77 0.02]
 [0.03 0.03 0.03 0.03 0.02 0.03 0.02 0.02 0.03 0.77]]
epoch 79
Train Loss: 0.900210, Vol_loss: -2.871292  Acc: 0.810889
Val Loss: 1.212868, Acc: 0.705600
Test Loss: 0.484059, Acc: 0.885900
Estimation Error: 0.09
[[0.75 0.03 0.03 0.03 0.03 0.03 0.03 0.03 0.03 0.03]
 [0.03 0.77 0.02 0.03 0.02 0.02 0.02 0.02 0.03 0.03]
 [0.03 0.02 0.75 0.03 0.03 0.03 0.03 0.03 0.03 0.03]
 [0.03 0.02 0.03 0.74 0.03 0.04 0.03 0.03 0.03 0.02]
 [0.03 0.03 0.03 0.03 0.75 0.03 0.03 0.03 0.03 0.03]
 [0.03 0.03 0.03 0.04 0.03 0.73 0.03 0.03 0.03 0.03]
 [0.03 0.03 0.03 0.03 0.03 0.03 0.76 0.03 0.03 0.02]
 [0.03 0.02 0.03 0.03 0.03 0.03 0.02 0.76 0.02 0.03]
 [0.03 0.03 0.02 0.03 0.03 0.02 0.03 0.03 0.77 0.02]
 [0.03 0.03 0.03 0.03 0.02 0.03 0.02 0.02 0.03 0.77]]
epoch 80
Train Loss: 0.900123, Vol_loss: -2.870612  Acc: 0.810867
Val Loss: 1.213186, Acc: 0.705800
Test Loss: 0.487219, Acc: 0.885300
Estimation Error: 0.09
[[0.75 0.03 0.03 0.03 0.03 0.03 0.03 0.03 0.03 0.03]
 [0.03 0.77 0.02 0.03 0.02 0.02 0.02 0.02 0.03 0.03]
 [0.03 0.02 0.75 0.03 0.03 0.03 0.03 0.03 0.03 0.03]
 [0.03 0.02 0.03 0.74 0.03 0.04 0.03 0.03 0.03 0.02]
 [0.03 0.03 0.03 0.03 0.75 0.03 0.03 0.03 0.03 0.03]
 [0.03 0.03 0.03 0.04 0.03 0.73 0.03 0.03 0.03 0.03]
 [0.03 0.03 0.03 0.03 0.03 0.03 0.76 0.03 0.03 0.02]
 [0.03 0.02 0.03 0.03 0.03 0.03 0.02 0.76 0.02 0.03]
 [0.03 0.03 0.02 0.03 0.03 0.02 0.03 0.03 0.77 0.02]
 [0.03 0.03 0.03 0.03 0.02 0.03 0.02 0.02 0.03 0.77]]
Final test accuracy: 0.890300
Final test accuracy acc: 0.892500
Final estimation error loss: 0.120837
Final estimation error loss acc: 0.116932
Best epoch: 30
[[0.74 0.03 0.04 0.03 0.03 0.03 0.03 0.03 0.03 0.03]
 [0.03 0.76 0.02 0.03 0.02 0.03 0.03 0.03 0.03 0.03]
 [0.03 0.03 0.73 0.03 0.03 0.03 0.03 0.03 0.03 0.03]
 [0.03 0.03 0.03 0.71 0.03 0.05 0.03 0.03 0.03 0.02]
 [0.03 0.03 0.03 0.03 0.73 0.03 0.03 0.03 0.03 0.03]
 [0.03 0.03 0.03 0.05 0.03 0.72 0.03 0.03 0.03 0.03]
 [0.03 0.03 0.03 0.03 0.03 0.03 0.74 0.03 0.03 0.02]
 [0.03 0.03 0.03 0.03 0.03 0.04 0.02 0.75 0.03 0.03]
 [0.03 0.03 0.03 0.03 0.03 0.02 0.03 0.03 0.76 0.03]
 [0.03 0.03 0.03 0.03 0.02 0.03 0.02 0.02 0.03 0.75]]
