Namespace(lr=0.01, save_dir='saves', dataset='cifar10', n_epoch=80, num_classes=10, noise_type='symmetric', noise_rate=0.2, seed=1337, batch_size=128, device=0, weight_decay=0.0001, lam=0.0001, anchor=True)
[[0.8  0.02 0.02 0.02 0.02 0.02 0.02 0.02 0.02 0.02]
 [0.02 0.8  0.02 0.02 0.02 0.02 0.02 0.02 0.02 0.02]
 [0.02 0.02 0.8  0.02 0.02 0.02 0.02 0.02 0.02 0.02]
 [0.02 0.02 0.02 0.8  0.02 0.02 0.02 0.02 0.02 0.02]
 [0.02 0.02 0.02 0.02 0.8  0.02 0.02 0.02 0.02 0.02]
 [0.02 0.02 0.02 0.02 0.02 0.8  0.02 0.02 0.02 0.02]
 [0.02 0.02 0.02 0.02 0.02 0.02 0.8  0.02 0.02 0.02]
 [0.02 0.02 0.02 0.02 0.02 0.02 0.02 0.8  0.02 0.02]
 [0.02 0.02 0.02 0.02 0.02 0.02 0.02 0.02 0.8  0.02]
 [0.02 0.02 0.02 0.02 0.02 0.02 0.02 0.02 0.02 0.8 ]]
[[0.48 0.06 0.06 0.06 0.06 0.06 0.06 0.06 0.06 0.06]
 [0.06 0.48 0.06 0.06 0.06 0.06 0.06 0.06 0.06 0.06]
 [0.06 0.06 0.48 0.06 0.06 0.06 0.06 0.06 0.06 0.06]
 [0.06 0.06 0.06 0.48 0.06 0.06 0.06 0.06 0.06 0.06]
 [0.06 0.06 0.06 0.06 0.48 0.06 0.06 0.06 0.06 0.06]
 [0.06 0.06 0.06 0.06 0.06 0.48 0.06 0.06 0.06 0.06]
 [0.06 0.06 0.06 0.06 0.06 0.06 0.48 0.06 0.06 0.06]
 [0.06 0.06 0.06 0.06 0.06 0.06 0.06 0.48 0.06 0.06]
 [0.06 0.06 0.06 0.06 0.06 0.06 0.06 0.06 0.48 0.06]
 [0.06 0.06 0.06 0.06 0.06 0.06 0.06 0.06 0.06 0.48]]
Estimation Error: 0.64
epoch 1
Train Loss: 1.956717, Vol_loss: -7.663696  Acc: 0.335533
Val Loss: 1.884137, Acc: 0.414400
Test Loss: 1.763747, Acc: 0.502100
Estimation Error: 0.62
[[0.49 0.06 0.06 0.06 0.06 0.05 0.05 0.06 0.06 0.06]
 [0.06 0.49 0.06 0.05 0.05 0.05 0.05 0.06 0.06 0.06]
 [0.06 0.05 0.49 0.06 0.06 0.06 0.06 0.06 0.06 0.06]
 [0.06 0.06 0.06 0.49 0.06 0.06 0.06 0.06 0.05 0.06]
 [0.06 0.05 0.06 0.06 0.49 0.06 0.06 0.06 0.05 0.05]
 [0.06 0.05 0.06 0.06 0.06 0.49 0.06 0.06 0.05 0.05]
 [0.06 0.05 0.06 0.06 0.06 0.06 0.49 0.06 0.05 0.06]
 [0.06 0.06 0.06 0.06 0.06 0.06 0.06 0.49 0.05 0.06]
 [0.06 0.06 0.06 0.05 0.06 0.05 0.05 0.06 0.49 0.06]
 [0.06 0.06 0.06 0.06 0.06 0.06 0.06 0.06 0.06 0.49]]
epoch 2
Train Loss: 1.737912, Vol_loss: -7.491645  Acc: 0.461444
Val Loss: 1.744763, Acc: 0.484600
Test Loss: 1.369714, Acc: 0.608600
Estimation Error: 0.61
[[0.5  0.05 0.06 0.05 0.06 0.05 0.05 0.05 0.06 0.06]
 [0.06 0.5  0.05 0.05 0.05 0.05 0.05 0.05 0.06 0.07]
 [0.06 0.05 0.49 0.06 0.06 0.06 0.06 0.06 0.05 0.05]
 [0.05 0.05 0.06 0.49 0.06 0.06 0.06 0.06 0.05 0.05]
 [0.05 0.05 0.06 0.06 0.49 0.06 0.06 0.06 0.05 0.05]
 [0.05 0.05 0.06 0.07 0.06 0.49 0.06 0.06 0.05 0.05]
 [0.05 0.05 0.06 0.06 0.06 0.06 0.5  0.05 0.05 0.05]
 [0.05 0.05 0.06 0.06 0.06 0.06 0.05 0.5  0.05 0.05]
 [0.07 0.06 0.06 0.05 0.05 0.05 0.05 0.05 0.5  0.06]
 [0.06 0.06 0.05 0.05 0.05 0.05 0.05 0.06 0.06 0.5 ]]
epoch 3
Train Loss: 1.629709, Vol_loss: -7.263315  Acc: 0.520778
Val Loss: 1.772488, Acc: 0.472200
Test Loss: 1.793839, Acc: 0.566400
Estimation Error: 0.58
[[0.51 0.05 0.06 0.05 0.06 0.05 0.05 0.05 0.06 0.05]
 [0.06 0.52 0.05 0.05 0.05 0.05 0.05 0.05 0.06 0.07]
 [0.06 0.05 0.5  0.06 0.06 0.06 0.06 0.06 0.05 0.05]
 [0.05 0.05 0.06 0.5  0.06 0.07 0.06 0.06 0.05 0.05]
 [0.05 0.05 0.06 0.06 0.5  0.06 0.06 0.06 0.05 0.05]
 [0.05 0.05 0.06 0.07 0.06 0.5  0.05 0.06 0.05 0.05]
 [0.05 0.05 0.06 0.06 0.06 0.06 0.51 0.05 0.05 0.05]
 [0.05 0.05 0.06 0.06 0.07 0.06 0.05 0.51 0.05 0.05]
 [0.07 0.06 0.05 0.05 0.05 0.05 0.05 0.05 0.52 0.06]
 [0.06 0.06 0.05 0.05 0.05 0.05 0.05 0.05 0.06 0.51]]
epoch 4
Train Loss: 1.554712, Vol_loss: -7.021307  Acc: 0.558911
Val Loss: 1.630599, Acc: 0.544800
Test Loss: 1.344738, Acc: 0.664200
Estimation Error: 0.56
[[0.52 0.05 0.06 0.05 0.05 0.05 0.05 0.05 0.06 0.05]
 [0.06 0.53 0.05 0.05 0.05 0.05 0.05 0.05 0.05 0.07]
 [0.05 0.05 0.51 0.06 0.06 0.06 0.06 0.06 0.05 0.05]
 [0.05 0.05 0.06 0.5  0.06 0.07 0.06 0.06 0.05 0.05]
 [0.05 0.05 0.06 0.06 0.51 0.06 0.06 0.06 0.05 0.05]
 [0.05 0.05 0.06 0.07 0.06 0.51 0.05 0.06 0.05 0.05]
 [0.05 0.05 0.06 0.06 0.06 0.05 0.52 0.05 0.05 0.05]
 [0.05 0.05 0.05 0.05 0.07 0.06 0.05 0.52 0.05 0.05]
 [0.07 0.05 0.05 0.05 0.05 0.05 0.05 0.05 0.53 0.05]
 [0.06 0.06 0.05 0.05 0.05 0.05 0.05 0.05 0.05 0.53]]
epoch 5
Train Loss: 1.487647, Vol_loss: -6.763385  Acc: 0.589889
Val Loss: 1.606426, Acc: 0.553600
Test Loss: 1.447546, Acc: 0.665300
Estimation Error: 0.54
[[0.54 0.05 0.06 0.05 0.05 0.05 0.05 0.05 0.06 0.05]
 [0.05 0.55 0.05 0.05 0.05 0.05 0.05 0.05 0.05 0.07]
 [0.05 0.04 0.52 0.06 0.06 0.06 0.06 0.05 0.05 0.05]
 [0.05 0.05 0.06 0.51 0.06 0.07 0.06 0.06 0.05 0.05]
 [0.05 0.04 0.06 0.06 0.52 0.06 0.06 0.06 0.05 0.05]
 [0.05 0.05 0.06 0.08 0.05 0.52 0.05 0.06 0.04 0.04]
 [0.05 0.05 0.06 0.06 0.06 0.05 0.53 0.05 0.04 0.05]
 [0.05 0.05 0.05 0.05 0.07 0.06 0.05 0.53 0.04 0.05]
 [0.07 0.05 0.05 0.05 0.05 0.05 0.04 0.05 0.55 0.05]
 [0.05 0.06 0.05 0.05 0.05 0.05 0.05 0.05 0.05 0.54]]
epoch 6
Train Loss: 1.440979, Vol_loss: -6.504217  Acc: 0.610511
Val Loss: 1.492817, Acc: 0.608600
Test Loss: 1.006417, Acc: 0.741600
Estimation Error: 0.51
[[0.55 0.05 0.06 0.05 0.05 0.04 0.04 0.05 0.06 0.05]
 [0.05 0.56 0.05 0.04 0.04 0.04 0.04 0.05 0.05 0.06]
 [0.05 0.04 0.53 0.06 0.06 0.05 0.06 0.05 0.05 0.04]
 [0.05 0.04 0.06 0.52 0.05 0.08 0.06 0.05 0.04 0.04]
 [0.05 0.04 0.06 0.06 0.54 0.06 0.05 0.06 0.04 0.04]
 [0.05 0.04 0.06 0.08 0.05 0.53 0.05 0.06 0.04 0.04]
 [0.05 0.04 0.06 0.06 0.06 0.05 0.54 0.05 0.04 0.05]
 [0.05 0.04 0.05 0.05 0.07 0.06 0.04 0.55 0.04 0.05]
 [0.07 0.05 0.05 0.05 0.05 0.04 0.04 0.05 0.56 0.05]
 [0.05 0.06 0.05 0.05 0.04 0.05 0.05 0.05 0.05 0.56]]
epoch 7
Train Loss: 1.400817, Vol_loss: -6.253154  Acc: 0.628378
Val Loss: 1.489454, Acc: 0.603800
Test Loss: 1.010940, Acc: 0.755400
Estimation Error: 0.49
[[0.56 0.05 0.06 0.04 0.05 0.04 0.04 0.05 0.06 0.05]
 [0.05 0.58 0.04 0.04 0.04 0.04 0.04 0.05 0.05 0.06]
 [0.05 0.04 0.54 0.06 0.06 0.05 0.05 0.05 0.04 0.04]
 [0.05 0.04 0.06 0.53 0.05 0.08 0.06 0.05 0.04 0.04]
 [0.05 0.04 0.06 0.06 0.55 0.06 0.05 0.06 0.04 0.04]
 [0.04 0.04 0.06 0.08 0.05 0.54 0.05 0.05 0.04 0.04]
 [0.04 0.04 0.06 0.06 0.06 0.05 0.56 0.04 0.04 0.04]
 [0.04 0.04 0.05 0.05 0.06 0.06 0.04 0.56 0.04 0.04]
 [0.06 0.05 0.05 0.04 0.04 0.04 0.04 0.04 0.58 0.05]
 [0.05 0.06 0.04 0.05 0.04 0.04 0.04 0.05 0.05 0.57]]
epoch 8
Train Loss: 1.366695, Vol_loss: -6.008424  Acc: 0.639844
Val Loss: 1.460088, Acc: 0.624000
Test Loss: 0.964433, Acc: 0.762400
Estimation Error: 0.46
[[0.57 0.04 0.06 0.04 0.05 0.04 0.04 0.04 0.06 0.05]
 [0.05 0.59 0.04 0.04 0.04 0.04 0.04 0.04 0.05 0.06]
 [0.05 0.04 0.56 0.06 0.06 0.05 0.05 0.05 0.04 0.04]
 [0.04 0.04 0.06 0.54 0.05 0.08 0.05 0.05 0.04 0.04]
 [0.04 0.04 0.06 0.05 0.56 0.05 0.05 0.05 0.04 0.04]
 [0.04 0.04 0.06 0.08 0.05 0.55 0.04 0.05 0.04 0.04]
 [0.04 0.04 0.06 0.06 0.06 0.05 0.57 0.04 0.04 0.04]
 [0.04 0.04 0.05 0.05 0.06 0.06 0.04 0.57 0.04 0.04]
 [0.06 0.05 0.04 0.04 0.04 0.04 0.04 0.04 0.59 0.05]
 [0.05 0.06 0.04 0.05 0.04 0.04 0.04 0.04 0.05 0.59]]
epoch 9
Train Loss: 1.337103, Vol_loss: -5.774879  Acc: 0.653200
Val Loss: 1.425850, Acc: 0.632800
Test Loss: 0.823182, Acc: 0.785600
Estimation Error: 0.44
[[0.59 0.04 0.06 0.04 0.05 0.04 0.04 0.04 0.05 0.05]
 [0.04 0.61 0.04 0.04 0.04 0.04 0.04 0.04 0.05 0.06]
 [0.05 0.04 0.57 0.06 0.05 0.05 0.05 0.05 0.04 0.04]
 [0.04 0.04 0.05 0.55 0.05 0.08 0.05 0.05 0.04 0.04]
 [0.04 0.04 0.06 0.05 0.57 0.05 0.05 0.05 0.04 0.04]
 [0.04 0.04 0.05 0.08 0.05 0.56 0.04 0.05 0.04 0.04]
 [0.04 0.04 0.06 0.06 0.05 0.05 0.58 0.04 0.04 0.04]
 [0.04 0.04 0.05 0.05 0.06 0.06 0.04 0.59 0.04 0.04]
 [0.06 0.05 0.04 0.04 0.04 0.04 0.04 0.04 0.6  0.05]
 [0.05 0.06 0.04 0.04 0.04 0.04 0.04 0.04 0.05 0.6 ]]
epoch 10
Train Loss: 1.310941, Vol_loss: -5.552432  Acc: 0.662022
Val Loss: 1.420330, Acc: 0.633600
Test Loss: 0.828416, Acc: 0.792300
Estimation Error: 0.41
[[0.6  0.04 0.06 0.04 0.04 0.04 0.04 0.04 0.05 0.04]
 [0.04 0.62 0.04 0.04 0.04 0.04 0.04 0.04 0.04 0.06]
 [0.05 0.04 0.58 0.05 0.05 0.05 0.05 0.05 0.04 0.04]
 [0.04 0.04 0.05 0.56 0.05 0.08 0.05 0.05 0.04 0.04]
 [0.04 0.04 0.06 0.05 0.58 0.05 0.05 0.05 0.04 0.04]
 [0.04 0.04 0.05 0.08 0.05 0.57 0.04 0.05 0.04 0.04]
 [0.04 0.04 0.06 0.06 0.05 0.04 0.59 0.04 0.04 0.04]
 [0.04 0.04 0.05 0.05 0.06 0.06 0.04 0.6  0.04 0.04]
 [0.06 0.04 0.04 0.04 0.04 0.04 0.04 0.04 0.62 0.04]
 [0.05 0.05 0.04 0.04 0.04 0.04 0.04 0.04 0.04 0.61]]
epoch 11
Train Loss: 1.287746, Vol_loss: -5.340665  Acc: 0.669911
Val Loss: 1.369831, Acc: 0.652600
Test Loss: 0.741521, Acc: 0.810800
Estimation Error: 0.39
[[0.61 0.04 0.06 0.04 0.04 0.04 0.04 0.04 0.05 0.04]
 [0.04 0.63 0.04 0.04 0.04 0.04 0.04 0.04 0.04 0.05]
 [0.05 0.04 0.59 0.05 0.05 0.05 0.05 0.05 0.04 0.04]
 [0.04 0.04 0.05 0.56 0.05 0.08 0.05 0.05 0.04 0.04]
 [0.04 0.04 0.06 0.05 0.6  0.05 0.04 0.05 0.04 0.04]
 [0.04 0.04 0.05 0.08 0.04 0.58 0.04 0.05 0.04 0.04]
 [0.04 0.04 0.05 0.05 0.05 0.04 0.6  0.04 0.04 0.04]
 [0.04 0.04 0.04 0.05 0.06 0.05 0.04 0.61 0.04 0.04]
 [0.06 0.04 0.04 0.04 0.04 0.04 0.04 0.04 0.63 0.04]
 [0.05 0.05 0.04 0.04 0.04 0.04 0.04 0.04 0.04 0.62]]
epoch 12
Train Loss: 1.266600, Vol_loss: -5.139085  Acc: 0.677089
Val Loss: 1.345931, Acc: 0.666400
Test Loss: 0.675757, Acc: 0.818500
Estimation Error: 0.37
[[0.62 0.04 0.06 0.04 0.04 0.03 0.04 0.04 0.05 0.04]
 [0.04 0.64 0.04 0.04 0.04 0.04 0.04 0.04 0.04 0.05]
 [0.04 0.04 0.6  0.05 0.05 0.05 0.05 0.05 0.04 0.04]
 [0.04 0.04 0.05 0.57 0.05 0.08 0.05 0.05 0.04 0.04]
 [0.04 0.04 0.05 0.05 0.61 0.05 0.04 0.05 0.04 0.04]
 [0.04 0.04 0.05 0.08 0.04 0.59 0.04 0.05 0.04 0.04]
 [0.04 0.04 0.05 0.05 0.05 0.04 0.62 0.04 0.04 0.04]
 [0.04 0.04 0.04 0.04 0.05 0.05 0.04 0.62 0.04 0.04]
 [0.05 0.04 0.04 0.04 0.04 0.04 0.04 0.04 0.64 0.04]
 [0.04 0.05 0.04 0.04 0.03 0.04 0.04 0.04 0.04 0.64]]
epoch 13
Train Loss: 1.248771, Vol_loss: -4.954229  Acc: 0.683578
Val Loss: 1.345628, Acc: 0.663800
Test Loss: 0.686011, Acc: 0.818000
Estimation Error: 0.35
[[0.63 0.04 0.06 0.04 0.04 0.03 0.04 0.04 0.05 0.04]
 [0.04 0.65 0.04 0.03 0.03 0.04 0.04 0.04 0.04 0.05]
 [0.04 0.04 0.61 0.05 0.05 0.04 0.05 0.05 0.04 0.04]
 [0.04 0.04 0.05 0.58 0.05 0.08 0.05 0.04 0.04 0.04]
 [0.04 0.03 0.05 0.05 0.62 0.05 0.04 0.05 0.04 0.04]
 [0.04 0.04 0.05 0.08 0.04 0.6  0.04 0.04 0.03 0.04]
 [0.04 0.04 0.05 0.05 0.05 0.04 0.63 0.04 0.04 0.04]
 [0.04 0.04 0.04 0.04 0.05 0.05 0.03 0.63 0.04 0.04]
 [0.05 0.04 0.04 0.04 0.04 0.03 0.03 0.04 0.65 0.04]
 [0.04 0.05 0.04 0.04 0.03 0.04 0.04 0.04 0.04 0.65]]
epoch 14
Train Loss: 1.231038, Vol_loss: -4.781962  Acc: 0.688778
Val Loss: 1.334534, Acc: 0.665400
Test Loss: 0.671107, Acc: 0.823600
Estimation Error: 0.33
[[0.64 0.04 0.05 0.04 0.04 0.03 0.04 0.04 0.05 0.04]
 [0.04 0.66 0.04 0.03 0.03 0.03 0.03 0.04 0.04 0.05]
 [0.04 0.04 0.62 0.05 0.05 0.04 0.04 0.04 0.04 0.04]
 [0.04 0.04 0.05 0.59 0.05 0.08 0.05 0.04 0.04 0.03]
 [0.04 0.03 0.05 0.05 0.63 0.05 0.04 0.04 0.04 0.03]
 [0.04 0.04 0.05 0.08 0.04 0.61 0.04 0.04 0.03 0.03]
 [0.04 0.04 0.05 0.05 0.05 0.04 0.64 0.04 0.03 0.04]
 [0.04 0.03 0.04 0.04 0.05 0.05 0.03 0.64 0.03 0.04]
 [0.05 0.04 0.04 0.04 0.04 0.03 0.03 0.04 0.66 0.04]
 [0.04 0.05 0.04 0.04 0.03 0.04 0.04 0.04 0.04 0.66]]
epoch 15
Train Loss: 1.212711, Vol_loss: -4.617263  Acc: 0.695556
Val Loss: 1.371009, Acc: 0.650000
Test Loss: 0.794303, Acc: 0.803900
Estimation Error: 0.31
[[0.65 0.04 0.05 0.04 0.04 0.03 0.03 0.04 0.04 0.04]
 [0.04 0.67 0.04 0.03 0.03 0.03 0.03 0.04 0.04 0.05]
 [0.04 0.03 0.63 0.05 0.04 0.04 0.04 0.04 0.03 0.04]
 [0.04 0.04 0.05 0.6  0.04 0.08 0.04 0.04 0.04 0.03]
 [0.04 0.03 0.05 0.05 0.64 0.04 0.04 0.04 0.03 0.03]
 [0.04 0.04 0.05 0.08 0.04 0.62 0.04 0.04 0.03 0.03]
 [0.04 0.03 0.05 0.05 0.05 0.04 0.65 0.03 0.03 0.04]
 [0.04 0.03 0.04 0.04 0.05 0.05 0.03 0.65 0.03 0.03]
 [0.05 0.04 0.03 0.04 0.04 0.03 0.03 0.04 0.67 0.04]
 [0.04 0.04 0.03 0.04 0.03 0.04 0.03 0.04 0.04 0.67]]
epoch 16
Train Loss: 1.197245, Vol_loss: -4.466744  Acc: 0.701422
Val Loss: 1.328455, Acc: 0.663800
Test Loss: 0.680055, Acc: 0.826100
Estimation Error: 0.29
[[0.66 0.04 0.05 0.03 0.04 0.03 0.03 0.04 0.04 0.04]
 [0.04 0.68 0.04 0.03 0.03 0.03 0.03 0.04 0.04 0.04]
 [0.04 0.03 0.64 0.05 0.04 0.04 0.04 0.04 0.03 0.04]
 [0.04 0.04 0.04 0.61 0.04 0.08 0.04 0.04 0.03 0.03]
 [0.04 0.03 0.05 0.04 0.65 0.04 0.04 0.04 0.03 0.03]
 [0.04 0.04 0.05 0.07 0.04 0.63 0.03 0.04 0.03 0.03]
 [0.04 0.03 0.05 0.05 0.04 0.04 0.65 0.03 0.03 0.04]
 [0.03 0.03 0.04 0.04 0.05 0.05 0.03 0.66 0.03 0.03]
 [0.04 0.04 0.03 0.03 0.03 0.03 0.03 0.03 0.68 0.04]
 [0.04 0.04 0.03 0.04 0.03 0.03 0.03 0.04 0.04 0.67]]
epoch 17
Train Loss: 1.183233, Vol_loss: -4.322632  Acc: 0.705178
Val Loss: 1.329239, Acc: 0.669600
Test Loss: 0.663181, Acc: 0.828700
Estimation Error: 0.28
[[0.67 0.03 0.05 0.03 0.04 0.03 0.03 0.04 0.04 0.04]
 [0.03 0.69 0.04 0.03 0.03 0.03 0.03 0.03 0.04 0.04]
 [0.04 0.03 0.65 0.05 0.04 0.04 0.04 0.04 0.03 0.03]
 [0.04 0.03 0.04 0.62 0.04 0.08 0.04 0.04 0.03 0.03]
 [0.04 0.03 0.05 0.04 0.66 0.04 0.04 0.04 0.03 0.03]
 [0.03 0.04 0.05 0.07 0.04 0.64 0.03 0.04 0.03 0.03]
 [0.03 0.03 0.04 0.05 0.04 0.04 0.66 0.03 0.03 0.04]
 [0.03 0.03 0.04 0.04 0.05 0.05 0.03 0.67 0.03 0.03]
 [0.04 0.04 0.03 0.03 0.03 0.03 0.03 0.03 0.69 0.04]
 [0.04 0.04 0.03 0.04 0.03 0.03 0.03 0.03 0.04 0.68]]
epoch 18
Train Loss: 1.169092, Vol_loss: -4.189963  Acc: 0.710156
Val Loss: 1.335360, Acc: 0.657400
Test Loss: 0.699143, Acc: 0.821500
Estimation Error: 0.26
[[0.68 0.03 0.05 0.03 0.03 0.03 0.03 0.03 0.04 0.04]
 [0.03 0.7  0.03 0.03 0.03 0.03 0.03 0.03 0.03 0.04]
 [0.04 0.03 0.66 0.04 0.04 0.04 0.04 0.04 0.03 0.03]
 [0.04 0.03 0.04 0.62 0.04 0.08 0.04 0.04 0.03 0.03]
 [0.04 0.03 0.04 0.04 0.67 0.04 0.04 0.04 0.03 0.03]
 [0.03 0.03 0.05 0.07 0.04 0.64 0.03 0.04 0.03 0.03]
 [0.03 0.03 0.04 0.04 0.04 0.03 0.67 0.03 0.03 0.03]
 [0.03 0.03 0.04 0.04 0.04 0.05 0.03 0.68 0.03 0.03]
 [0.04 0.04 0.03 0.03 0.03 0.03 0.03 0.03 0.69 0.04]
 [0.04 0.04 0.03 0.03 0.03 0.03 0.03 0.03 0.04 0.69]]
epoch 19
Train Loss: 1.159088, Vol_loss: -4.063604  Acc: 0.712800
Val Loss: 1.298369, Acc: 0.682800
Test Loss: 0.626950, Acc: 0.833900
Estimation Error: 0.24
[[0.69 0.03 0.05 0.03 0.03 0.03 0.03 0.03 0.04 0.03]
 [0.03 0.7  0.03 0.03 0.03 0.03 0.03 0.03 0.03 0.04]
 [0.03 0.03 0.67 0.04 0.04 0.04 0.04 0.04 0.03 0.03]
 [0.04 0.03 0.04 0.63 0.04 0.08 0.04 0.04 0.03 0.03]
 [0.03 0.03 0.04 0.04 0.67 0.04 0.04 0.04 0.03 0.03]
 [0.03 0.03 0.04 0.07 0.04 0.65 0.03 0.04 0.03 0.03]
 [0.03 0.03 0.04 0.04 0.04 0.03 0.68 0.03 0.03 0.03]
 [0.03 0.03 0.04 0.04 0.04 0.05 0.03 0.68 0.03 0.03]
 [0.04 0.04 0.03 0.03 0.03 0.03 0.03 0.03 0.7  0.03]
 [0.04 0.04 0.03 0.03 0.03 0.03 0.03 0.03 0.03 0.7 ]]
epoch 20
Train Loss: 1.143675, Vol_loss: -3.949234  Acc: 0.718844
Val Loss: 1.330342, Acc: 0.661600
Test Loss: 0.692109, Acc: 0.829600
Estimation Error: 0.23
[[0.69 0.03 0.05 0.03 0.03 0.03 0.03 0.03 0.04 0.03]
 [0.03 0.71 0.03 0.03 0.03 0.03 0.03 0.03 0.03 0.04]
 [0.03 0.03 0.68 0.04 0.04 0.04 0.04 0.04 0.03 0.03]
 [0.03 0.03 0.04 0.64 0.04 0.07 0.04 0.04 0.03 0.03]
 [0.03 0.03 0.04 0.04 0.68 0.04 0.03 0.04 0.03 0.03]
 [0.03 0.03 0.04 0.07 0.04 0.66 0.03 0.04 0.03 0.03]
 [0.03 0.03 0.04 0.04 0.04 0.03 0.69 0.03 0.03 0.03]
 [0.03 0.03 0.03 0.04 0.04 0.04 0.03 0.69 0.03 0.03]
 [0.04 0.03 0.03 0.03 0.03 0.03 0.03 0.03 0.71 0.03]
 [0.04 0.04 0.03 0.03 0.03 0.03 0.03 0.03 0.03 0.7 ]]
epoch 21
Train Loss: 1.133201, Vol_loss: -3.840732  Acc: 0.721956
Val Loss: 1.291161, Acc: 0.678600
Test Loss: 0.575698, Acc: 0.844200
Estimation Error: 0.22
[[0.7  0.03 0.04 0.03 0.03 0.03 0.03 0.03 0.04 0.03]
 [0.03 0.72 0.03 0.03 0.03 0.03 0.03 0.03 0.03 0.04]
 [0.03 0.03 0.69 0.04 0.04 0.04 0.04 0.04 0.03 0.03]
 [0.03 0.03 0.04 0.65 0.04 0.07 0.04 0.04 0.03 0.03]
 [0.03 0.03 0.04 0.04 0.69 0.04 0.03 0.04 0.03 0.03]
 [0.03 0.03 0.04 0.06 0.04 0.67 0.03 0.03 0.03 0.03]
 [0.03 0.03 0.04 0.04 0.04 0.03 0.69 0.03 0.03 0.03]
 [0.03 0.03 0.03 0.04 0.04 0.04 0.03 0.7  0.03 0.03]
 [0.04 0.03 0.03 0.03 0.03 0.03 0.03 0.03 0.71 0.03]
 [0.04 0.04 0.03 0.03 0.03 0.03 0.03 0.03 0.03 0.71]]
epoch 22
Train Loss: 1.124359, Vol_loss: -3.736521  Acc: 0.724711
Val Loss: 1.283113, Acc: 0.686600
Test Loss: 0.604726, Acc: 0.848100
Estimation Error: 0.20
[[0.71 0.03 0.04 0.03 0.03 0.03 0.03 0.03 0.04 0.03]
 [0.03 0.72 0.03 0.03 0.03 0.03 0.03 0.03 0.03 0.04]
 [0.03 0.03 0.69 0.04 0.04 0.03 0.04 0.04 0.03 0.03]
 [0.03 0.03 0.04 0.65 0.04 0.07 0.04 0.04 0.03 0.03]
 [0.03 0.03 0.04 0.04 0.7  0.04 0.03 0.04 0.03 0.03]
 [0.03 0.03 0.04 0.06 0.04 0.67 0.03 0.03 0.03 0.03]
 [0.03 0.03 0.04 0.04 0.04 0.03 0.7  0.03 0.03 0.03]
 [0.03 0.03 0.03 0.03 0.04 0.04 0.03 0.7  0.03 0.03]
 [0.04 0.03 0.03 0.03 0.03 0.03 0.03 0.03 0.72 0.03]
 [0.03 0.04 0.03 0.03 0.03 0.03 0.03 0.03 0.03 0.72]]
epoch 23
Train Loss: 1.109659, Vol_loss: -3.642497  Acc: 0.730200
Val Loss: 1.304829, Acc: 0.670200
Test Loss: 0.628893, Acc: 0.839800
Estimation Error: 0.19
[[0.71 0.03 0.04 0.03 0.03 0.03 0.03 0.03 0.04 0.03]
 [0.03 0.73 0.03 0.03 0.03 0.03 0.03 0.03 0.03 0.04]
 [0.03 0.03 0.7  0.04 0.03 0.03 0.04 0.04 0.03 0.03]
 [0.03 0.03 0.04 0.66 0.04 0.07 0.04 0.04 0.03 0.03]
 [0.03 0.03 0.04 0.04 0.7  0.04 0.03 0.03 0.03 0.03]
 [0.03 0.03 0.04 0.06 0.03 0.68 0.03 0.03 0.03 0.03]
 [0.03 0.03 0.04 0.04 0.04 0.03 0.7  0.03 0.03 0.03]
 [0.03 0.03 0.03 0.03 0.04 0.04 0.03 0.71 0.03 0.03]
 [0.04 0.03 0.03 0.03 0.03 0.03 0.03 0.03 0.73 0.03]
 [0.03 0.03 0.03 0.03 0.03 0.03 0.03 0.03 0.03 0.72]]
epoch 24
Train Loss: 1.104384, Vol_loss: -3.551596  Acc: 0.730711
Val Loss: 1.318932, Acc: 0.666600
Test Loss: 0.702861, Acc: 0.832600
Estimation Error: 0.18
[[0.72 0.03 0.04 0.03 0.03 0.03 0.03 0.03 0.03 0.03]
 [0.03 0.73 0.03 0.03 0.03 0.03 0.03 0.03 0.03 0.03]
 [0.03 0.03 0.71 0.04 0.03 0.03 0.03 0.04 0.03 0.03]
 [0.03 0.03 0.04 0.67 0.04 0.07 0.04 0.03 0.03 0.03]
 [0.03 0.03 0.04 0.04 0.71 0.03 0.03 0.03 0.03 0.03]
 [0.03 0.03 0.04 0.06 0.03 0.69 0.03 0.03 0.03 0.03]
 [0.03 0.03 0.04 0.04 0.04 0.03 0.71 0.03 0.03 0.03]
 [0.03 0.03 0.03 0.03 0.04 0.04 0.03 0.72 0.03 0.03]
 [0.03 0.03 0.03 0.03 0.03 0.03 0.03 0.03 0.73 0.03]
 [0.03 0.03 0.03 0.03 0.03 0.03 0.03 0.03 0.03 0.73]]
epoch 25
Train Loss: 1.093896, Vol_loss: -3.466494  Acc: 0.735467
Val Loss: 1.277787, Acc: 0.687200
Test Loss: 0.549225, Acc: 0.857800
Estimation Error: 0.17
[[0.72 0.03 0.04 0.03 0.03 0.03 0.03 0.03 0.03 0.03]
 [0.03 0.74 0.03 0.03 0.03 0.03 0.03 0.03 0.03 0.03]
 [0.03 0.03 0.71 0.04 0.03 0.03 0.03 0.04 0.03 0.03]
 [0.03 0.03 0.04 0.67 0.04 0.07 0.04 0.03 0.03 0.03]
 [0.03 0.03 0.04 0.04 0.71 0.03 0.03 0.03 0.03 0.03]
 [0.03 0.03 0.04 0.06 0.03 0.69 0.03 0.03 0.03 0.03]
 [0.03 0.03 0.04 0.04 0.04 0.03 0.72 0.03 0.03 0.03]
 [0.03 0.03 0.03 0.03 0.03 0.04 0.03 0.72 0.03 0.03]
 [0.03 0.03 0.03 0.03 0.03 0.03 0.03 0.03 0.74 0.03]
 [0.03 0.03 0.03 0.03 0.03 0.03 0.03 0.03 0.03 0.73]]
epoch 26
Train Loss: 1.088397, Vol_loss: -3.389542  Acc: 0.735600
Val Loss: 1.260730, Acc: 0.691000
Test Loss: 0.540132, Acc: 0.855200
Estimation Error: 0.16
[[0.73 0.03 0.04 0.03 0.03 0.03 0.03 0.03 0.03 0.03]
 [0.03 0.74 0.03 0.03 0.03 0.03 0.03 0.03 0.03 0.03]
 [0.03 0.03 0.72 0.04 0.03 0.03 0.03 0.03 0.03 0.03]
 [0.03 0.03 0.03 0.68 0.03 0.06 0.03 0.03 0.03 0.03]
 [0.03 0.03 0.03 0.03 0.72 0.03 0.03 0.03 0.03 0.03]
 [0.03 0.03 0.04 0.05 0.03 0.7  0.03 0.03 0.03 0.03]
 [0.03 0.03 0.03 0.04 0.03 0.03 0.72 0.03 0.03 0.03]
 [0.03 0.03 0.03 0.03 0.03 0.04 0.03 0.73 0.03 0.03]
 [0.03 0.03 0.03 0.03 0.03 0.03 0.03 0.03 0.74 0.03]
 [0.03 0.03 0.03 0.03 0.03 0.03 0.03 0.03 0.03 0.74]]
epoch 27
Train Loss: 1.077916, Vol_loss: -3.315976  Acc: 0.740400
Val Loss: 1.261580, Acc: 0.690200
Test Loss: 0.548472, Acc: 0.861500
Estimation Error: 0.15
[[0.73 0.03 0.04 0.03 0.03 0.03 0.03 0.03 0.03 0.03]
 [0.03 0.75 0.03 0.03 0.03 0.03 0.03 0.03 0.03 0.03]
 [0.03 0.03 0.72 0.04 0.03 0.03 0.03 0.03 0.03 0.03]
 [0.03 0.03 0.03 0.68 0.03 0.06 0.03 0.03 0.03 0.03]
 [0.03 0.03 0.03 0.03 0.73 0.03 0.03 0.03 0.03 0.03]
 [0.03 0.03 0.04 0.05 0.03 0.7  0.03 0.03 0.03 0.03]
 [0.03 0.03 0.03 0.04 0.03 0.03 0.73 0.03 0.03 0.03]
 [0.03 0.03 0.03 0.03 0.03 0.04 0.03 0.73 0.03 0.03]
 [0.03 0.03 0.03 0.03 0.03 0.03 0.03 0.03 0.74 0.03]
 [0.03 0.03 0.03 0.03 0.02 0.03 0.03 0.03 0.03 0.74]]
epoch 28
Train Loss: 1.069818, Vol_loss: -3.246576  Acc: 0.742044
Val Loss: 1.273653, Acc: 0.689600
Test Loss: 0.572474, Acc: 0.856200
Estimation Error: 0.14
[[0.74 0.03 0.04 0.03 0.03 0.02 0.03 0.03 0.03 0.03]
 [0.03 0.75 0.03 0.03 0.03 0.03 0.03 0.03 0.03 0.03]
 [0.03 0.03 0.73 0.04 0.03 0.03 0.03 0.03 0.03 0.03]
 [0.03 0.03 0.03 0.69 0.03 0.06 0.03 0.03 0.03 0.03]
 [0.03 0.03 0.03 0.03 0.73 0.03 0.03 0.03 0.03 0.03]
 [0.03 0.03 0.04 0.05 0.03 0.71 0.03 0.03 0.03 0.03]
 [0.03 0.03 0.03 0.03 0.03 0.03 0.73 0.03 0.03 0.03]
 [0.03 0.03 0.03 0.03 0.03 0.04 0.03 0.74 0.03 0.03]
 [0.03 0.03 0.03 0.03 0.03 0.03 0.03 0.03 0.75 0.03]
 [0.03 0.03 0.03 0.03 0.02 0.03 0.03 0.03 0.03 0.74]]
epoch 29
Train Loss: 1.061395, Vol_loss: -3.180069  Acc: 0.745800
Val Loss: 1.265934, Acc: 0.689800
Test Loss: 0.538636, Acc: 0.858800
Estimation Error: 0.13
[[0.74 0.03 0.04 0.03 0.03 0.02 0.03 0.03 0.03 0.03]
 [0.03 0.75 0.03 0.03 0.03 0.03 0.03 0.03 0.03 0.03]
 [0.03 0.03 0.73 0.03 0.03 0.03 0.03 0.03 0.03 0.03]
 [0.03 0.03 0.03 0.7  0.03 0.06 0.03 0.03 0.03 0.03]
 [0.03 0.03 0.03 0.03 0.74 0.03 0.03 0.03 0.03 0.03]
 [0.03 0.03 0.04 0.05 0.03 0.71 0.03 0.03 0.03 0.03]
 [0.03 0.03 0.03 0.03 0.03 0.03 0.73 0.03 0.03 0.03]
 [0.03 0.03 0.03 0.03 0.03 0.04 0.02 0.74 0.03 0.03]
 [0.03 0.03 0.03 0.03 0.03 0.03 0.03 0.03 0.75 0.03]
 [0.03 0.03 0.03 0.03 0.02 0.03 0.03 0.03 0.03 0.75]]
epoch 30
Train Loss: 1.055791, Vol_loss: -3.119368  Acc: 0.747444
Val Loss: 1.281006, Acc: 0.683200
Test Loss: 0.566461, Acc: 0.854900
Estimation Error: 0.12
[[0.75 0.03 0.04 0.03 0.03 0.02 0.03 0.03 0.03 0.03]
 [0.03 0.76 0.03 0.03 0.03 0.03 0.03 0.03 0.03 0.03]
 [0.03 0.03 0.74 0.03 0.03 0.03 0.03 0.03 0.03 0.03]
 [0.03 0.03 0.03 0.7  0.03 0.06 0.03 0.03 0.03 0.03]
 [0.03 0.03 0.03 0.03 0.74 0.03 0.03 0.03 0.03 0.03]
 [0.03 0.03 0.04 0.05 0.03 0.72 0.03 0.03 0.03 0.03]
 [0.03 0.03 0.03 0.03 0.03 0.03 0.74 0.03 0.03 0.03]
 [0.03 0.03 0.03 0.03 0.03 0.04 0.02 0.75 0.03 0.03]
 [0.03 0.03 0.03 0.03 0.03 0.02 0.02 0.03 0.76 0.03]
 [0.03 0.03 0.03 0.03 0.02 0.03 0.03 0.03 0.03 0.75]]
epoch 31
Train Loss: 1.009589, Vol_loss: -3.086331  Acc: 0.768822
Val Loss: 1.207380, Acc: 0.714600
Test Loss: 0.404704, Acc: 0.888300
Estimation Error: 0.12
[[0.75 0.03 0.04 0.03 0.03 0.02 0.03 0.03 0.03 0.03]
 [0.03 0.76 0.03 0.03 0.03 0.03 0.03 0.03 0.03 0.03]
 [0.03 0.03 0.74 0.03 0.03 0.03 0.03 0.03 0.03 0.03]
 [0.03 0.03 0.03 0.7  0.03 0.06 0.03 0.03 0.03 0.03]
 [0.03 0.03 0.03 0.03 0.74 0.03 0.03 0.03 0.03 0.03]
 [0.03 0.03 0.04 0.05 0.03 0.72 0.03 0.03 0.03 0.03]
 [0.03 0.03 0.03 0.03 0.03 0.03 0.74 0.03 0.03 0.03]
 [0.03 0.03 0.03 0.03 0.03 0.04 0.02 0.75 0.03 0.03]
 [0.03 0.03 0.03 0.03 0.03 0.02 0.02 0.03 0.76 0.03]
 [0.03 0.03 0.03 0.03 0.02 0.03 0.03 0.03 0.03 0.75]]
epoch 32
Train Loss: 0.989230, Vol_loss: -3.079422  Acc: 0.776400
Val Loss: 1.201893, Acc: 0.716600
Test Loss: 0.401219, Acc: 0.891700
Estimation Error: 0.12
[[0.75 0.03 0.03 0.03 0.03 0.02 0.03 0.03 0.03 0.03]
 [0.03 0.76 0.03 0.03 0.03 0.03 0.03 0.03 0.03 0.03]
 [0.03 0.03 0.74 0.03 0.03 0.03 0.03 0.03 0.03 0.03]
 [0.03 0.03 0.03 0.7  0.03 0.06 0.03 0.03 0.03 0.03]
 [0.03 0.03 0.03 0.03 0.74 0.03 0.03 0.03 0.03 0.03]
 [0.03 0.03 0.04 0.05 0.03 0.72 0.03 0.03 0.03 0.03]
 [0.03 0.03 0.03 0.03 0.03 0.03 0.74 0.03 0.03 0.03]
 [0.03 0.03 0.03 0.03 0.03 0.04 0.02 0.75 0.03 0.03]
 [0.03 0.03 0.03 0.03 0.03 0.02 0.02 0.03 0.76 0.03]
 [0.03 0.03 0.03 0.03 0.02 0.03 0.03 0.03 0.03 0.75]]
epoch 33
Train Loss: 0.984410, Vol_loss: -3.072489  Acc: 0.779511
Val Loss: 1.198949, Acc: 0.719200
Test Loss: 0.401164, Acc: 0.890800
Estimation Error: 0.12
[[0.75 0.03 0.03 0.03 0.03 0.02 0.03 0.03 0.03 0.03]
 [0.03 0.76 0.03 0.02 0.03 0.03 0.03 0.03 0.03 0.03]
 [0.03 0.03 0.74 0.03 0.03 0.03 0.03 0.03 0.03 0.03]
 [0.03 0.03 0.03 0.7  0.03 0.06 0.03 0.03 0.03 0.03]
 [0.03 0.03 0.03 0.03 0.74 0.03 0.03 0.03 0.03 0.03]
 [0.03 0.03 0.04 0.05 0.03 0.72 0.03 0.03 0.03 0.03]
 [0.03 0.03 0.03 0.03 0.03 0.03 0.74 0.03 0.03 0.03]
 [0.03 0.03 0.03 0.03 0.03 0.04 0.02 0.75 0.03 0.03]
 [0.03 0.03 0.03 0.03 0.03 0.02 0.02 0.03 0.76 0.03]
 [0.03 0.03 0.03 0.03 0.02 0.03 0.03 0.03 0.03 0.75]]
epoch 34
Train Loss: 0.980329, Vol_loss: -3.065529  Acc: 0.781089
Val Loss: 1.197959, Acc: 0.721000
Test Loss: 0.402934, Acc: 0.892900
Estimation Error: 0.12
[[0.75 0.03 0.03 0.03 0.03 0.02 0.03 0.03 0.03 0.03]
 [0.03 0.76 0.03 0.02 0.03 0.03 0.03 0.03 0.03 0.03]
 [0.03 0.03 0.74 0.03 0.03 0.03 0.03 0.03 0.03 0.03]
 [0.03 0.03 0.03 0.7  0.03 0.06 0.03 0.03 0.03 0.03]
 [0.03 0.03 0.03 0.03 0.74 0.03 0.03 0.03 0.03 0.03]
 [0.03 0.03 0.04 0.05 0.03 0.72 0.03 0.03 0.03 0.03]
 [0.03 0.03 0.03 0.03 0.03 0.03 0.74 0.03 0.03 0.03]
 [0.03 0.03 0.03 0.03 0.03 0.04 0.02 0.75 0.03 0.03]
 [0.03 0.03 0.03 0.03 0.03 0.02 0.02 0.03 0.76 0.03]
 [0.03 0.03 0.03 0.03 0.02 0.03 0.03 0.03 0.03 0.75]]
epoch 35
Train Loss: 0.974922, Vol_loss: -3.058402  Acc: 0.782889
Val Loss: 1.197008, Acc: 0.718800
Test Loss: 0.404847, Acc: 0.895200
Estimation Error: 0.12
[[0.75 0.03 0.03 0.03 0.03 0.02 0.03 0.03 0.03 0.03]
 [0.03 0.76 0.03 0.02 0.03 0.03 0.03 0.03 0.03 0.03]
 [0.03 0.03 0.74 0.03 0.03 0.03 0.03 0.03 0.03 0.03]
 [0.03 0.03 0.03 0.7  0.03 0.06 0.03 0.03 0.03 0.03]
 [0.03 0.03 0.03 0.03 0.74 0.03 0.03 0.03 0.03 0.03]
 [0.03 0.03 0.04 0.05 0.03 0.72 0.03 0.03 0.03 0.03]
 [0.03 0.03 0.03 0.03 0.03 0.03 0.74 0.03 0.03 0.03]
 [0.03 0.03 0.03 0.03 0.03 0.04 0.02 0.75 0.03 0.03]
 [0.03 0.03 0.03 0.03 0.03 0.02 0.02 0.03 0.76 0.03]
 [0.03 0.03 0.03 0.03 0.02 0.03 0.03 0.03 0.03 0.75]]
epoch 36
Train Loss: 0.970603, Vol_loss: -3.051520  Acc: 0.784600
Val Loss: 1.203805, Acc: 0.717600
Test Loss: 0.412910, Acc: 0.892000
Estimation Error: 0.12
[[0.75 0.03 0.03 0.03 0.03 0.02 0.03 0.03 0.03 0.03]
 [0.03 0.76 0.03 0.02 0.03 0.03 0.03 0.03 0.03 0.03]
 [0.03 0.03 0.74 0.03 0.03 0.03 0.03 0.03 0.03 0.03]
 [0.03 0.03 0.03 0.7  0.03 0.06 0.03 0.03 0.03 0.03]
 [0.03 0.03 0.03 0.03 0.74 0.03 0.03 0.03 0.03 0.03]
 [0.03 0.03 0.04 0.05 0.03 0.72 0.03 0.03 0.03 0.03]
 [0.03 0.03 0.03 0.03 0.03 0.03 0.74 0.03 0.03 0.03]
 [0.03 0.03 0.03 0.03 0.03 0.04 0.02 0.75 0.03 0.03]
 [0.03 0.03 0.02 0.03 0.03 0.02 0.02 0.03 0.76 0.03]
 [0.03 0.03 0.03 0.03 0.02 0.03 0.03 0.03 0.03 0.75]]
epoch 37
Train Loss: 0.967130, Vol_loss: -3.044540  Acc: 0.786089
Val Loss: 1.203149, Acc: 0.718800
Test Loss: 0.411374, Acc: 0.894100
Estimation Error: 0.12
[[0.75 0.03 0.03 0.03 0.03 0.02 0.03 0.03 0.03 0.03]
 [0.03 0.76 0.03 0.02 0.03 0.03 0.03 0.03 0.03 0.03]
 [0.03 0.03 0.74 0.03 0.03 0.03 0.03 0.03 0.03 0.03]
 [0.03 0.03 0.03 0.71 0.03 0.06 0.03 0.03 0.03 0.03]
 [0.03 0.03 0.03 0.03 0.74 0.03 0.03 0.03 0.03 0.03]
 [0.03 0.03 0.04 0.05 0.03 0.72 0.03 0.03 0.03 0.03]
 [0.03 0.03 0.03 0.03 0.03 0.03 0.74 0.03 0.03 0.03]
 [0.03 0.03 0.03 0.03 0.03 0.04 0.02 0.75 0.03 0.03]
 [0.03 0.03 0.02 0.03 0.03 0.02 0.02 0.03 0.76 0.03]
 [0.03 0.03 0.03 0.03 0.02 0.03 0.03 0.03 0.03 0.75]]
epoch 38
Train Loss: 0.964616, Vol_loss: -3.037415  Acc: 0.786889
Val Loss: 1.204770, Acc: 0.716000
Test Loss: 0.418035, Acc: 0.893500
Estimation Error: 0.11
[[0.75 0.03 0.03 0.03 0.03 0.02 0.03 0.03 0.03 0.03]
 [0.03 0.76 0.03 0.02 0.03 0.03 0.03 0.03 0.03 0.03]
 [0.03 0.03 0.74 0.03 0.03 0.03 0.03 0.03 0.03 0.03]
 [0.03 0.03 0.03 0.71 0.03 0.06 0.03 0.03 0.03 0.03]
 [0.03 0.03 0.03 0.03 0.74 0.03 0.03 0.03 0.03 0.03]
 [0.03 0.03 0.04 0.05 0.03 0.72 0.03 0.03 0.03 0.03]
 [0.03 0.03 0.03 0.03 0.03 0.03 0.74 0.03 0.03 0.03]
 [0.03 0.03 0.03 0.03 0.03 0.04 0.02 0.75 0.03 0.03]
 [0.03 0.03 0.02 0.03 0.03 0.02 0.02 0.03 0.76 0.03]
 [0.03 0.03 0.03 0.03 0.02 0.03 0.03 0.03 0.03 0.75]]
epoch 39
Train Loss: 0.962689, Vol_loss: -3.030447  Acc: 0.787178
Val Loss: 1.201061, Acc: 0.716400
Test Loss: 0.415377, Acc: 0.894300
Estimation Error: 0.11
[[0.75 0.03 0.03 0.03 0.03 0.02 0.03 0.03 0.03 0.03]
 [0.03 0.76 0.03 0.02 0.03 0.03 0.03 0.03 0.03 0.03]
 [0.03 0.03 0.74 0.03 0.03 0.03 0.03 0.03 0.02 0.03]
 [0.03 0.03 0.03 0.71 0.03 0.06 0.03 0.03 0.03 0.03]
 [0.03 0.03 0.03 0.03 0.74 0.03 0.03 0.03 0.03 0.03]
 [0.03 0.03 0.04 0.05 0.03 0.72 0.03 0.03 0.03 0.03]
 [0.03 0.03 0.03 0.03 0.03 0.03 0.74 0.03 0.03 0.03]
 [0.03 0.03 0.03 0.03 0.03 0.04 0.02 0.75 0.03 0.03]
 [0.03 0.03 0.02 0.03 0.03 0.02 0.02 0.03 0.76 0.03]
 [0.03 0.03 0.03 0.03 0.02 0.03 0.03 0.03 0.03 0.75]]
epoch 40
Train Loss: 0.958914, Vol_loss: -3.023607  Acc: 0.789533
Val Loss: 1.204875, Acc: 0.718400
Test Loss: 0.422488, Acc: 0.892900
Estimation Error: 0.11
[[0.75 0.03 0.03 0.03 0.03 0.02 0.03 0.03 0.03 0.03]
 [0.03 0.76 0.03 0.02 0.03 0.03 0.03 0.03 0.03 0.03]
 [0.03 0.03 0.74 0.03 0.03 0.03 0.03 0.03 0.02 0.03]
 [0.03 0.03 0.03 0.71 0.03 0.05 0.03 0.03 0.03 0.03]
 [0.03 0.03 0.03 0.03 0.75 0.03 0.03 0.03 0.03 0.03]
 [0.03 0.03 0.04 0.04 0.03 0.72 0.03 0.03 0.03 0.03]
 [0.03 0.03 0.03 0.03 0.03 0.03 0.74 0.03 0.03 0.03]
 [0.03 0.03 0.03 0.03 0.03 0.04 0.02 0.75 0.03 0.03]
 [0.03 0.03 0.02 0.03 0.03 0.02 0.02 0.03 0.76 0.03]
 [0.03 0.03 0.03 0.03 0.02 0.03 0.03 0.03 0.03 0.75]]
epoch 41
Train Loss: 0.958899, Vol_loss: -3.016601  Acc: 0.789000
Val Loss: 1.202209, Acc: 0.718600
Test Loss: 0.423638, Acc: 0.893200
Estimation Error: 0.11
[[0.75 0.03 0.03 0.03 0.03 0.02 0.03 0.03 0.03 0.03]
 [0.03 0.76 0.03 0.02 0.03 0.03 0.03 0.03 0.03 0.03]
 [0.03 0.03 0.75 0.03 0.03 0.03 0.03 0.03 0.02 0.03]
 [0.03 0.03 0.03 0.71 0.03 0.05 0.03 0.03 0.03 0.03]
 [0.03 0.03 0.03 0.03 0.75 0.03 0.03 0.03 0.03 0.03]
 [0.03 0.03 0.03 0.04 0.03 0.73 0.03 0.03 0.03 0.03]
 [0.03 0.03 0.03 0.03 0.03 0.03 0.74 0.03 0.03 0.03]
 [0.03 0.03 0.03 0.03 0.03 0.04 0.02 0.75 0.03 0.03]
 [0.03 0.03 0.02 0.03 0.03 0.02 0.02 0.03 0.76 0.03]
 [0.03 0.03 0.03 0.03 0.02 0.03 0.03 0.03 0.03 0.75]]
epoch 42
Train Loss: 0.953581, Vol_loss: -3.009722  Acc: 0.791178
Val Loss: 1.202281, Acc: 0.719800
Test Loss: 0.421418, Acc: 0.891100
Estimation Error: 0.11
[[0.75 0.03 0.03 0.03 0.03 0.02 0.03 0.03 0.03 0.03]
 [0.02 0.76 0.03 0.02 0.03 0.03 0.03 0.03 0.03 0.03]
 [0.03 0.03 0.75 0.03 0.03 0.03 0.03 0.03 0.02 0.03]
 [0.03 0.03 0.03 0.71 0.03 0.05 0.03 0.03 0.03 0.03]
 [0.03 0.03 0.03 0.03 0.75 0.03 0.03 0.03 0.03 0.03]
 [0.03 0.03 0.03 0.04 0.03 0.73 0.03 0.03 0.03 0.03]
 [0.03 0.03 0.03 0.03 0.03 0.03 0.74 0.03 0.03 0.03]
 [0.03 0.03 0.03 0.03 0.03 0.03 0.02 0.75 0.03 0.03]
 [0.03 0.03 0.02 0.03 0.03 0.02 0.02 0.03 0.76 0.03]
 [0.03 0.03 0.03 0.03 0.02 0.03 0.03 0.03 0.03 0.75]]
epoch 43
Train Loss: 0.951800, Vol_loss: -3.002713  Acc: 0.791133
Val Loss: 1.203216, Acc: 0.720000
Test Loss: 0.423451, Acc: 0.891200
Estimation Error: 0.11
[[0.75 0.03 0.03 0.02 0.03 0.02 0.03 0.03 0.03 0.03]
 [0.02 0.76 0.03 0.02 0.03 0.03 0.03 0.03 0.03 0.03]
 [0.03 0.03 0.75 0.03 0.03 0.03 0.03 0.03 0.02 0.03]
 [0.03 0.03 0.03 0.71 0.03 0.05 0.03 0.03 0.03 0.03]
 [0.03 0.03 0.03 0.03 0.75 0.03 0.03 0.03 0.03 0.03]
 [0.03 0.03 0.03 0.04 0.03 0.73 0.03 0.03 0.03 0.03]
 [0.03 0.03 0.03 0.03 0.03 0.03 0.74 0.03 0.03 0.03]
 [0.03 0.03 0.03 0.03 0.03 0.03 0.02 0.75 0.03 0.03]
 [0.03 0.03 0.02 0.03 0.03 0.02 0.02 0.03 0.76 0.03]
 [0.03 0.03 0.03 0.03 0.02 0.03 0.03 0.03 0.03 0.76]]
epoch 44
Train Loss: 0.948866, Vol_loss: -2.995810  Acc: 0.792978
Val Loss: 1.203590, Acc: 0.719600
Test Loss: 0.434754, Acc: 0.890700
Estimation Error: 0.11
[[0.75 0.03 0.03 0.02 0.03 0.02 0.03 0.03 0.03 0.03]
 [0.02 0.76 0.03 0.02 0.03 0.03 0.03 0.03 0.03 0.03]
 [0.03 0.03 0.75 0.03 0.03 0.03 0.03 0.03 0.02 0.03]
 [0.03 0.03 0.03 0.71 0.03 0.05 0.03 0.03 0.03 0.03]
 [0.03 0.03 0.03 0.03 0.75 0.03 0.03 0.03 0.03 0.03]
 [0.03 0.03 0.03 0.04 0.03 0.73 0.03 0.03 0.03 0.03]
 [0.03 0.03 0.03 0.03 0.03 0.03 0.74 0.03 0.03 0.03]
 [0.03 0.03 0.03 0.03 0.03 0.03 0.02 0.75 0.03 0.03]
 [0.03 0.03 0.02 0.03 0.03 0.02 0.02 0.03 0.76 0.03]
 [0.03 0.03 0.03 0.03 0.02 0.03 0.03 0.03 0.03 0.76]]
epoch 45
Train Loss: 0.946270, Vol_loss: -2.988932  Acc: 0.793111
Val Loss: 1.204062, Acc: 0.718000
Test Loss: 0.444111, Acc: 0.889600
Estimation Error: 0.11
[[0.76 0.03 0.03 0.02 0.03 0.02 0.03 0.03 0.03 0.03]
 [0.02 0.76 0.03 0.02 0.03 0.03 0.03 0.03 0.03 0.03]
 [0.03 0.03 0.75 0.03 0.03 0.03 0.03 0.03 0.02 0.03]
 [0.03 0.03 0.03 0.71 0.03 0.05 0.03 0.03 0.03 0.03]
 [0.03 0.03 0.03 0.03 0.75 0.03 0.03 0.03 0.03 0.03]
 [0.03 0.03 0.03 0.04 0.03 0.73 0.03 0.03 0.03 0.03]
 [0.03 0.03 0.03 0.03 0.03 0.03 0.74 0.03 0.03 0.03]
 [0.03 0.03 0.03 0.03 0.03 0.03 0.02 0.75 0.03 0.03]
 [0.03 0.03 0.02 0.03 0.03 0.02 0.02 0.03 0.76 0.03]
 [0.03 0.03 0.03 0.03 0.02 0.03 0.03 0.03 0.03 0.76]]
epoch 46
Train Loss: 0.944535, Vol_loss: -2.981962  Acc: 0.794467
Val Loss: 1.203853, Acc: 0.717200
Test Loss: 0.433988, Acc: 0.889500
Estimation Error: 0.11
[[0.76 0.03 0.03 0.02 0.03 0.02 0.03 0.03 0.03 0.03]
 [0.02 0.76 0.03 0.02 0.03 0.03 0.03 0.03 0.03 0.03]
 [0.03 0.03 0.75 0.03 0.03 0.03 0.03 0.03 0.02 0.03]
 [0.03 0.03 0.03 0.71 0.03 0.05 0.03 0.03 0.03 0.03]
 [0.03 0.03 0.03 0.03 0.75 0.03 0.03 0.03 0.03 0.03]
 [0.03 0.03 0.03 0.04 0.03 0.73 0.03 0.03 0.03 0.03]
 [0.03 0.03 0.03 0.03 0.03 0.03 0.75 0.03 0.03 0.03]
 [0.03 0.03 0.03 0.03 0.03 0.03 0.02 0.75 0.03 0.03]
 [0.03 0.03 0.02 0.03 0.03 0.02 0.02 0.03 0.76 0.03]
 [0.03 0.03 0.03 0.03 0.02 0.03 0.03 0.03 0.03 0.76]]
epoch 47
Train Loss: 0.940918, Vol_loss: -2.975087  Acc: 0.795689
Val Loss: 1.207571, Acc: 0.717600
Test Loss: 0.444588, Acc: 0.890400
Estimation Error: 0.11
[[0.76 0.03 0.03 0.02 0.03 0.02 0.03 0.03 0.03 0.03]
 [0.02 0.76 0.03 0.02 0.03 0.03 0.03 0.03 0.03 0.03]
 [0.03 0.03 0.75 0.03 0.03 0.03 0.03 0.03 0.02 0.03]
 [0.03 0.03 0.03 0.71 0.03 0.05 0.03 0.03 0.03 0.03]
 [0.03 0.03 0.03 0.03 0.75 0.03 0.03 0.03 0.03 0.03]
 [0.03 0.03 0.03 0.04 0.03 0.73 0.03 0.03 0.03 0.03]
 [0.03 0.03 0.03 0.03 0.03 0.03 0.75 0.03 0.03 0.03]
 [0.03 0.03 0.03 0.03 0.03 0.03 0.02 0.75 0.03 0.03]
 [0.03 0.03 0.02 0.03 0.03 0.02 0.02 0.03 0.76 0.03]
 [0.03 0.03 0.03 0.03 0.02 0.03 0.03 0.03 0.03 0.76]]
epoch 48
Train Loss: 0.941462, Vol_loss: -2.968246  Acc: 0.794867
Val Loss: 1.206272, Acc: 0.716800
Test Loss: 0.448098, Acc: 0.887800
Estimation Error: 0.10
[[0.76 0.03 0.03 0.02 0.03 0.02 0.03 0.03 0.03 0.03]
 [0.02 0.76 0.03 0.02 0.03 0.03 0.03 0.03 0.03 0.03]
 [0.02 0.03 0.75 0.03 0.03 0.03 0.03 0.03 0.02 0.03]
 [0.03 0.03 0.03 0.71 0.03 0.05 0.03 0.03 0.03 0.03]
 [0.03 0.03 0.03 0.03 0.75 0.03 0.03 0.03 0.03 0.03]
 [0.03 0.03 0.03 0.04 0.03 0.73 0.03 0.03 0.03 0.03]
 [0.03 0.03 0.03 0.03 0.03 0.03 0.75 0.03 0.03 0.03]
 [0.03 0.03 0.03 0.03 0.03 0.03 0.02 0.75 0.03 0.03]
 [0.03 0.03 0.02 0.03 0.03 0.02 0.02 0.03 0.76 0.03]
 [0.03 0.03 0.03 0.03 0.02 0.03 0.03 0.03 0.03 0.76]]
epoch 49
Train Loss: 0.938633, Vol_loss: -2.961471  Acc: 0.795578
Val Loss: 1.214497, Acc: 0.713600
Test Loss: 0.450015, Acc: 0.888400
Estimation Error: 0.10
[[0.76 0.03 0.03 0.02 0.03 0.02 0.03 0.03 0.03 0.03]
 [0.02 0.76 0.03 0.02 0.03 0.03 0.03 0.03 0.03 0.03]
 [0.02 0.03 0.75 0.03 0.03 0.03 0.03 0.03 0.02 0.03]
 [0.03 0.03 0.03 0.71 0.03 0.05 0.03 0.03 0.03 0.03]
 [0.03 0.03 0.03 0.03 0.75 0.03 0.03 0.03 0.03 0.03]
 [0.03 0.03 0.03 0.04 0.03 0.73 0.03 0.03 0.03 0.03]
 [0.03 0.03 0.03 0.03 0.03 0.03 0.75 0.03 0.03 0.03]
 [0.03 0.03 0.03 0.03 0.03 0.03 0.02 0.75 0.03 0.03]
 [0.03 0.03 0.02 0.03 0.03 0.02 0.02 0.03 0.76 0.03]
 [0.03 0.03 0.03 0.03 0.02 0.03 0.03 0.03 0.03 0.76]]
epoch 50
Train Loss: 0.935666, Vol_loss: -2.954609  Acc: 0.797222
Val Loss: 1.209294, Acc: 0.717200
Test Loss: 0.450269, Acc: 0.889100
Estimation Error: 0.10
[[0.76 0.03 0.03 0.02 0.03 0.02 0.03 0.03 0.03 0.03]
 [0.02 0.76 0.03 0.02 0.03 0.03 0.03 0.03 0.03 0.03]
 [0.02 0.03 0.75 0.03 0.03 0.03 0.03 0.03 0.02 0.03]
 [0.03 0.03 0.03 0.71 0.03 0.05 0.03 0.03 0.03 0.03]
 [0.03 0.03 0.03 0.03 0.75 0.03 0.03 0.03 0.03 0.02]
 [0.03 0.03 0.03 0.04 0.03 0.73 0.03 0.03 0.03 0.03]
 [0.03 0.03 0.03 0.03 0.03 0.03 0.75 0.03 0.03 0.03]
 [0.03 0.03 0.03 0.03 0.03 0.03 0.02 0.75 0.03 0.03]
 [0.03 0.03 0.02 0.03 0.03 0.02 0.02 0.03 0.76 0.03]
 [0.03 0.03 0.03 0.03 0.02 0.03 0.03 0.03 0.03 0.76]]
epoch 51
Train Loss: 0.933556, Vol_loss: -2.947782  Acc: 0.798000
Val Loss: 1.213156, Acc: 0.716000
Test Loss: 0.455938, Acc: 0.890100
Estimation Error: 0.10
[[0.76 0.03 0.03 0.02 0.03 0.02 0.03 0.03 0.03 0.03]
 [0.02 0.76 0.03 0.02 0.03 0.03 0.03 0.03 0.03 0.03]
 [0.02 0.03 0.75 0.03 0.03 0.03 0.03 0.03 0.02 0.03]
 [0.03 0.03 0.03 0.71 0.03 0.05 0.03 0.03 0.03 0.03]
 [0.03 0.03 0.03 0.03 0.75 0.03 0.03 0.03 0.03 0.02]
 [0.03 0.03 0.03 0.04 0.03 0.73 0.03 0.03 0.03 0.03]
 [0.03 0.03 0.03 0.03 0.03 0.03 0.75 0.03 0.03 0.03]
 [0.03 0.03 0.03 0.03 0.03 0.03 0.02 0.75 0.03 0.03]
 [0.03 0.03 0.02 0.03 0.03 0.02 0.02 0.03 0.76 0.03]
 [0.03 0.03 0.03 0.03 0.02 0.03 0.03 0.03 0.03 0.76]]
epoch 52
Train Loss: 0.930929, Vol_loss: -2.941072  Acc: 0.798400
Val Loss: 1.210760, Acc: 0.717800
Test Loss: 0.458347, Acc: 0.887900
Estimation Error: 0.10
[[0.76 0.03 0.03 0.02 0.03 0.02 0.03 0.03 0.03 0.03]
 [0.02 0.76 0.03 0.02 0.03 0.03 0.03 0.03 0.03 0.03]
 [0.02 0.03 0.75 0.03 0.03 0.03 0.03 0.03 0.02 0.03]
 [0.03 0.03 0.03 0.72 0.03 0.05 0.03 0.03 0.03 0.03]
 [0.03 0.03 0.03 0.03 0.75 0.03 0.03 0.03 0.03 0.02]
 [0.03 0.03 0.03 0.04 0.03 0.73 0.03 0.03 0.03 0.03]
 [0.03 0.03 0.03 0.03 0.03 0.03 0.75 0.03 0.03 0.03]
 [0.03 0.03 0.03 0.03 0.03 0.03 0.02 0.76 0.03 0.03]
 [0.03 0.03 0.02 0.03 0.03 0.02 0.02 0.03 0.76 0.03]
 [0.03 0.03 0.03 0.03 0.02 0.03 0.03 0.03 0.03 0.76]]
epoch 53
Train Loss: 0.927804, Vol_loss: -2.934440  Acc: 0.800178
Val Loss: 1.212732, Acc: 0.713400
Test Loss: 0.475222, Acc: 0.886300
Estimation Error: 0.10
[[0.76 0.03 0.03 0.02 0.03 0.02 0.03 0.03 0.03 0.03]
 [0.02 0.76 0.03 0.02 0.03 0.03 0.03 0.03 0.03 0.03]
 [0.02 0.03 0.75 0.03 0.03 0.03 0.03 0.03 0.02 0.03]
 [0.03 0.03 0.03 0.72 0.03 0.05 0.03 0.03 0.03 0.03]
 [0.03 0.03 0.03 0.03 0.75 0.03 0.03 0.03 0.03 0.02]
 [0.03 0.03 0.03 0.04 0.03 0.73 0.03 0.03 0.03 0.03]
 [0.03 0.03 0.03 0.03 0.03 0.03 0.75 0.03 0.03 0.03]
 [0.03 0.03 0.03 0.03 0.03 0.03 0.02 0.76 0.03 0.03]
 [0.03 0.03 0.02 0.03 0.03 0.02 0.02 0.03 0.76 0.03]
 [0.03 0.03 0.03 0.03 0.02 0.03 0.03 0.03 0.03 0.76]]
epoch 54
Train Loss: 0.923861, Vol_loss: -2.927584  Acc: 0.801644
Val Loss: 1.214961, Acc: 0.714000
Test Loss: 0.464548, Acc: 0.888400
Estimation Error: 0.10
[[0.76 0.03 0.03 0.02 0.03 0.02 0.03 0.03 0.03 0.03]
 [0.02 0.76 0.03 0.02 0.03 0.03 0.03 0.03 0.03 0.03]
 [0.02 0.03 0.75 0.03 0.03 0.03 0.03 0.03 0.02 0.03]
 [0.03 0.03 0.03 0.72 0.03 0.05 0.03 0.03 0.03 0.03]
 [0.03 0.03 0.03 0.03 0.75 0.03 0.03 0.03 0.03 0.02]
 [0.03 0.03 0.03 0.04 0.03 0.73 0.03 0.03 0.03 0.03]
 [0.03 0.03 0.03 0.03 0.03 0.03 0.75 0.03 0.03 0.03]
 [0.03 0.03 0.03 0.03 0.03 0.03 0.02 0.76 0.03 0.03]
 [0.03 0.03 0.02 0.03 0.03 0.02 0.02 0.03 0.76 0.03]
 [0.03 0.03 0.03 0.03 0.02 0.03 0.03 0.03 0.03 0.76]]
epoch 55
Train Loss: 0.925530, Vol_loss: -2.920873  Acc: 0.800400
Val Loss: 1.217298, Acc: 0.714400
Test Loss: 0.478219, Acc: 0.886900
Estimation Error: 0.10
[[0.76 0.03 0.03 0.02 0.03 0.02 0.03 0.03 0.03 0.03]
 [0.02 0.76 0.03 0.02 0.03 0.03 0.03 0.03 0.03 0.03]
 [0.02 0.03 0.75 0.03 0.03 0.03 0.03 0.03 0.02 0.03]
 [0.03 0.03 0.03 0.72 0.03 0.05 0.03 0.03 0.03 0.03]
 [0.03 0.03 0.03 0.03 0.75 0.03 0.03 0.03 0.03 0.02]
 [0.03 0.03 0.03 0.04 0.03 0.73 0.03 0.03 0.03 0.03]
 [0.03 0.03 0.03 0.03 0.03 0.03 0.75 0.03 0.03 0.03]
 [0.03 0.03 0.03 0.03 0.03 0.03 0.02 0.76 0.03 0.03]
 [0.03 0.03 0.02 0.03 0.03 0.02 0.02 0.03 0.77 0.03]
 [0.03 0.03 0.03 0.03 0.02 0.03 0.03 0.03 0.03 0.76]]
epoch 56
Train Loss: 0.924298, Vol_loss: -2.914236  Acc: 0.800044
Val Loss: 1.222545, Acc: 0.714000
Test Loss: 0.483425, Acc: 0.883000
Estimation Error: 0.10
[[0.76 0.03 0.03 0.02 0.03 0.02 0.03 0.03 0.03 0.03]
 [0.02 0.76 0.03 0.02 0.03 0.03 0.03 0.03 0.03 0.03]
 [0.02 0.03 0.75 0.03 0.03 0.03 0.03 0.03 0.02 0.03]
 [0.03 0.03 0.03 0.72 0.03 0.05 0.03 0.03 0.03 0.03]
 [0.03 0.03 0.03 0.03 0.75 0.03 0.03 0.03 0.03 0.02]
 [0.03 0.03 0.03 0.04 0.03 0.73 0.03 0.03 0.03 0.03]
 [0.03 0.03 0.03 0.03 0.03 0.03 0.75 0.03 0.03 0.03]
 [0.02 0.03 0.03 0.03 0.03 0.03 0.02 0.76 0.03 0.03]
 [0.03 0.03 0.02 0.03 0.03 0.02 0.02 0.03 0.77 0.03]
 [0.03 0.03 0.03 0.03 0.02 0.03 0.03 0.03 0.03 0.76]]
epoch 57
Train Loss: 0.919314, Vol_loss: -2.907646  Acc: 0.803222
Val Loss: 1.218348, Acc: 0.712800
Test Loss: 0.478415, Acc: 0.883800
Estimation Error: 0.10
[[0.76 0.03 0.03 0.02 0.03 0.02 0.03 0.03 0.03 0.03]
 [0.02 0.76 0.03 0.02 0.02 0.03 0.03 0.03 0.03 0.03]
 [0.02 0.03 0.75 0.03 0.03 0.03 0.03 0.03 0.02 0.03]
 [0.03 0.03 0.03 0.72 0.03 0.05 0.03 0.03 0.03 0.03]
 [0.03 0.03 0.03 0.03 0.75 0.03 0.03 0.03 0.03 0.02]
 [0.03 0.03 0.03 0.04 0.03 0.73 0.02 0.03 0.03 0.03]
 [0.03 0.03 0.03 0.03 0.03 0.02 0.75 0.03 0.03 0.03]
 [0.02 0.03 0.03 0.03 0.03 0.03 0.02 0.76 0.03 0.03]
 [0.03 0.03 0.02 0.03 0.03 0.02 0.02 0.03 0.77 0.03]
 [0.03 0.03 0.03 0.03 0.02 0.03 0.03 0.03 0.03 0.76]]
epoch 58
Train Loss: 0.919445, Vol_loss: -2.900914  Acc: 0.802378
Val Loss: 1.216531, Acc: 0.713000
Test Loss: 0.482414, Acc: 0.886800
Estimation Error: 0.09
[[0.76 0.02 0.03 0.02 0.03 0.02 0.03 0.03 0.03 0.03]
 [0.02 0.77 0.03 0.02 0.02 0.03 0.03 0.03 0.03 0.03]
 [0.02 0.03 0.75 0.03 0.03 0.03 0.03 0.03 0.02 0.03]
 [0.03 0.03 0.03 0.72 0.03 0.05 0.03 0.03 0.03 0.03]
 [0.03 0.03 0.03 0.03 0.75 0.03 0.03 0.03 0.03 0.02]
 [0.03 0.03 0.03 0.04 0.03 0.74 0.02 0.03 0.03 0.03]
 [0.03 0.03 0.03 0.03 0.03 0.02 0.75 0.03 0.03 0.03]
 [0.02 0.03 0.03 0.03 0.03 0.03 0.02 0.76 0.03 0.03]
 [0.03 0.03 0.02 0.03 0.03 0.02 0.02 0.03 0.77 0.03]
 [0.03 0.03 0.03 0.03 0.02 0.03 0.03 0.03 0.03 0.76]]
epoch 59
Train Loss: 0.915336, Vol_loss: -2.894295  Acc: 0.804244
Val Loss: 1.217697, Acc: 0.713600
Test Loss: 0.484864, Acc: 0.886100
Estimation Error: 0.09
[[0.76 0.02 0.03 0.02 0.03 0.02 0.03 0.03 0.03 0.03]
 [0.02 0.77 0.03 0.02 0.02 0.03 0.03 0.03 0.03 0.03]
 [0.02 0.03 0.76 0.03 0.03 0.03 0.03 0.03 0.02 0.03]
 [0.03 0.03 0.03 0.72 0.03 0.05 0.03 0.03 0.03 0.03]
 [0.03 0.03 0.03 0.03 0.75 0.03 0.03 0.03 0.03 0.02]
 [0.03 0.03 0.03 0.04 0.03 0.74 0.02 0.03 0.03 0.03]
 [0.03 0.03 0.03 0.03 0.03 0.02 0.75 0.03 0.03 0.03]
 [0.02 0.03 0.03 0.03 0.03 0.03 0.02 0.76 0.03 0.03]
 [0.03 0.03 0.02 0.03 0.03 0.02 0.02 0.03 0.77 0.03]
 [0.03 0.03 0.03 0.03 0.02 0.03 0.03 0.03 0.03 0.76]]
epoch 60
Train Loss: 0.914164, Vol_loss: -2.887637  Acc: 0.804267
Val Loss: 1.218920, Acc: 0.712000
Test Loss: 0.496773, Acc: 0.885700
Estimation Error: 0.09
[[0.76 0.02 0.03 0.02 0.03 0.02 0.03 0.03 0.03 0.03]
 [0.02 0.77 0.03 0.02 0.02 0.03 0.03 0.03 0.03 0.03]
 [0.02 0.03 0.76 0.03 0.03 0.03 0.03 0.03 0.02 0.03]
 [0.03 0.03 0.03 0.72 0.03 0.05 0.03 0.03 0.03 0.02]
 [0.03 0.03 0.03 0.03 0.76 0.03 0.03 0.03 0.03 0.02]
 [0.03 0.03 0.03 0.04 0.03 0.74 0.02 0.03 0.03 0.03]
 [0.03 0.03 0.03 0.03 0.03 0.02 0.75 0.03 0.03 0.03]
 [0.02 0.03 0.03 0.03 0.03 0.03 0.02 0.76 0.03 0.03]
 [0.03 0.03 0.02 0.03 0.03 0.02 0.02 0.03 0.77 0.03]
 [0.03 0.03 0.03 0.03 0.02 0.03 0.03 0.03 0.03 0.76]]
epoch 61
Train Loss: 0.907748, Vol_loss: -2.884001  Acc: 0.807022
Val Loss: 1.216966, Acc: 0.716200
Test Loss: 0.486675, Acc: 0.885400
Estimation Error: 0.09
[[0.76 0.02 0.03 0.02 0.03 0.02 0.03 0.03 0.03 0.03]
 [0.02 0.77 0.03 0.02 0.02 0.03 0.03 0.03 0.03 0.03]
 [0.02 0.03 0.76 0.03 0.03 0.03 0.03 0.03 0.02 0.03]
 [0.03 0.03 0.03 0.72 0.03 0.05 0.03 0.03 0.03 0.02]
 [0.03 0.03 0.03 0.03 0.76 0.03 0.03 0.03 0.03 0.02]
 [0.03 0.03 0.03 0.04 0.03 0.74 0.02 0.03 0.03 0.03]
 [0.03 0.03 0.03 0.03 0.03 0.02 0.75 0.03 0.03 0.03]
 [0.02 0.03 0.03 0.03 0.03 0.03 0.02 0.76 0.03 0.03]
 [0.03 0.03 0.02 0.03 0.03 0.02 0.02 0.03 0.77 0.03]
 [0.03 0.03 0.03 0.03 0.02 0.03 0.03 0.03 0.03 0.76]]
epoch 62
Train Loss: 0.907387, Vol_loss: -2.883334  Acc: 0.807289
Val Loss: 1.217475, Acc: 0.715200
Test Loss: 0.487845, Acc: 0.886700
Estimation Error: 0.09
[[0.76 0.02 0.03 0.02 0.03 0.02 0.03 0.03 0.03 0.03]
 [0.02 0.77 0.03 0.02 0.02 0.03 0.03 0.03 0.03 0.03]
 [0.02 0.03 0.76 0.03 0.03 0.03 0.03 0.03 0.02 0.03]
 [0.03 0.03 0.03 0.72 0.03 0.05 0.03 0.03 0.03 0.02]
 [0.03 0.03 0.03 0.03 0.76 0.03 0.03 0.03 0.03 0.02]
 [0.03 0.03 0.03 0.04 0.03 0.74 0.02 0.03 0.03 0.03]
 [0.03 0.03 0.03 0.03 0.03 0.02 0.75 0.03 0.03 0.03]
 [0.02 0.03 0.03 0.03 0.03 0.03 0.02 0.76 0.03 0.03]
 [0.03 0.03 0.02 0.03 0.03 0.02 0.02 0.03 0.77 0.03]
 [0.03 0.03 0.03 0.03 0.02 0.03 0.03 0.03 0.03 0.76]]
epoch 63
Train Loss: 0.904020, Vol_loss: -2.882668  Acc: 0.809000
Val Loss: 1.217708, Acc: 0.714400
Test Loss: 0.484775, Acc: 0.885400
Estimation Error: 0.09
[[0.76 0.02 0.03 0.02 0.03 0.02 0.03 0.03 0.03 0.03]
 [0.02 0.77 0.03 0.02 0.02 0.03 0.03 0.03 0.03 0.03]
 [0.02 0.03 0.76 0.03 0.03 0.03 0.03 0.03 0.02 0.03]
 [0.03 0.03 0.03 0.72 0.03 0.05 0.03 0.03 0.03 0.02]
 [0.03 0.03 0.03 0.03 0.76 0.03 0.03 0.03 0.03 0.02]
 [0.03 0.03 0.03 0.04 0.03 0.74 0.02 0.03 0.03 0.03]
 [0.03 0.03 0.03 0.03 0.03 0.02 0.75 0.03 0.03 0.03]
 [0.02 0.03 0.03 0.03 0.03 0.03 0.02 0.76 0.03 0.03]
 [0.03 0.03 0.02 0.03 0.03 0.02 0.02 0.03 0.77 0.03]
 [0.03 0.03 0.03 0.03 0.02 0.03 0.03 0.03 0.03 0.76]]
epoch 64
Train Loss: 0.903022, Vol_loss: -2.881994  Acc: 0.809267
Val Loss: 1.217676, Acc: 0.713400
Test Loss: 0.488355, Acc: 0.885600
Estimation Error: 0.09
[[0.76 0.02 0.03 0.02 0.03 0.02 0.03 0.03 0.03 0.03]
 [0.02 0.77 0.03 0.02 0.02 0.03 0.03 0.03 0.03 0.03]
 [0.02 0.03 0.76 0.03 0.03 0.03 0.03 0.03 0.02 0.03]
 [0.03 0.03 0.03 0.72 0.03 0.05 0.03 0.03 0.03 0.02]
 [0.03 0.03 0.03 0.03 0.76 0.03 0.03 0.03 0.03 0.02]
 [0.03 0.03 0.03 0.04 0.03 0.74 0.02 0.03 0.03 0.03]
 [0.03 0.03 0.03 0.03 0.03 0.02 0.75 0.03 0.03 0.03]
 [0.02 0.03 0.03 0.03 0.03 0.03 0.02 0.76 0.03 0.03]
 [0.03 0.03 0.02 0.03 0.03 0.02 0.02 0.03 0.77 0.03]
 [0.03 0.03 0.03 0.03 0.02 0.03 0.03 0.03 0.03 0.76]]
epoch 65
Train Loss: 0.904659, Vol_loss: -2.881317  Acc: 0.808911
Val Loss: 1.216180, Acc: 0.714200
Test Loss: 0.487465, Acc: 0.886300
Estimation Error: 0.09
[[0.76 0.02 0.03 0.02 0.03 0.02 0.03 0.03 0.03 0.03]
 [0.02 0.77 0.03 0.02 0.02 0.03 0.03 0.03 0.03 0.03]
 [0.02 0.03 0.76 0.03 0.03 0.03 0.03 0.03 0.02 0.03]
 [0.03 0.03 0.03 0.72 0.03 0.05 0.03 0.03 0.03 0.02]
 [0.03 0.03 0.03 0.03 0.76 0.03 0.03 0.03 0.03 0.02]
 [0.03 0.03 0.03 0.04 0.03 0.74 0.02 0.03 0.03 0.03]
 [0.03 0.03 0.03 0.03 0.03 0.02 0.75 0.03 0.03 0.03]
 [0.02 0.03 0.03 0.03 0.03 0.03 0.02 0.76 0.03 0.03]
 [0.03 0.03 0.02 0.03 0.03 0.02 0.02 0.03 0.77 0.03]
 [0.03 0.03 0.03 0.03 0.02 0.03 0.03 0.03 0.03 0.76]]
epoch 66
Train Loss: 0.902053, Vol_loss: -2.880653  Acc: 0.809333
Val Loss: 1.217199, Acc: 0.714800
Test Loss: 0.486592, Acc: 0.886400
Estimation Error: 0.09
[[0.76 0.02 0.03 0.02 0.03 0.02 0.03 0.03 0.03 0.03]
 [0.02 0.77 0.03 0.02 0.02 0.03 0.03 0.03 0.03 0.03]
 [0.02 0.03 0.76 0.03 0.03 0.03 0.03 0.03 0.02 0.03]
 [0.03 0.03 0.03 0.72 0.03 0.05 0.03 0.03 0.03 0.02]
 [0.03 0.03 0.03 0.03 0.76 0.03 0.03 0.03 0.03 0.02]
 [0.03 0.03 0.03 0.04 0.03 0.74 0.02 0.03 0.03 0.03]
 [0.03 0.03 0.03 0.03 0.03 0.02 0.75 0.03 0.03 0.03]
 [0.02 0.03 0.03 0.03 0.03 0.03 0.02 0.76 0.03 0.03]
 [0.03 0.03 0.02 0.03 0.03 0.02 0.02 0.03 0.77 0.03]
 [0.03 0.03 0.03 0.03 0.02 0.03 0.03 0.03 0.03 0.76]]
epoch 67
Train Loss: 0.903794, Vol_loss: -2.879981  Acc: 0.809178
Val Loss: 1.213945, Acc: 0.716000
Test Loss: 0.486506, Acc: 0.887000
Estimation Error: 0.09
[[0.76 0.02 0.03 0.02 0.03 0.02 0.03 0.03 0.03 0.03]
 [0.02 0.77 0.03 0.02 0.02 0.03 0.03 0.03 0.03 0.03]
 [0.02 0.03 0.76 0.03 0.03 0.03 0.03 0.03 0.02 0.03]
 [0.03 0.03 0.03 0.72 0.03 0.05 0.03 0.03 0.03 0.02]
 [0.03 0.03 0.03 0.03 0.76 0.03 0.03 0.03 0.03 0.02]
 [0.03 0.03 0.03 0.04 0.03 0.74 0.02 0.03 0.03 0.03]
 [0.03 0.03 0.03 0.03 0.03 0.02 0.75 0.03 0.03 0.03]
 [0.02 0.03 0.03 0.03 0.03 0.03 0.02 0.76 0.03 0.03]
 [0.03 0.03 0.02 0.03 0.03 0.02 0.02 0.03 0.77 0.03]
 [0.03 0.03 0.03 0.03 0.02 0.03 0.03 0.03 0.03 0.76]]
epoch 68
Train Loss: 0.902712, Vol_loss: -2.879310  Acc: 0.809267
Val Loss: 1.216715, Acc: 0.712600
Test Loss: 0.486115, Acc: 0.885900
Estimation Error: 0.09
[[0.76 0.02 0.03 0.02 0.03 0.02 0.03 0.03 0.03 0.03]
 [0.02 0.77 0.03 0.02 0.02 0.03 0.03 0.03 0.03 0.03]
 [0.02 0.03 0.76 0.03 0.03 0.03 0.03 0.03 0.02 0.03]
 [0.03 0.03 0.03 0.72 0.03 0.05 0.03 0.03 0.03 0.02]
 [0.03 0.03 0.03 0.03 0.76 0.03 0.03 0.03 0.03 0.02]
 [0.03 0.03 0.03 0.04 0.03 0.74 0.02 0.03 0.03 0.03]
 [0.03 0.03 0.03 0.03 0.03 0.02 0.75 0.03 0.03 0.03]
 [0.02 0.03 0.03 0.03 0.03 0.03 0.02 0.76 0.03 0.03]
 [0.03 0.03 0.02 0.03 0.03 0.02 0.02 0.03 0.77 0.03]
 [0.03 0.03 0.03 0.03 0.02 0.03 0.03 0.03 0.03 0.76]]
epoch 69
Train Loss: 0.901505, Vol_loss: -2.878635  Acc: 0.809956
Val Loss: 1.215138, Acc: 0.715000
Test Loss: 0.487248, Acc: 0.888200
Estimation Error: 0.09
[[0.76 0.02 0.03 0.02 0.03 0.02 0.03 0.03 0.03 0.03]
 [0.02 0.77 0.03 0.02 0.02 0.03 0.03 0.03 0.03 0.03]
 [0.02 0.03 0.76 0.03 0.03 0.03 0.03 0.03 0.02 0.03]
 [0.03 0.03 0.03 0.72 0.03 0.05 0.03 0.03 0.03 0.02]
 [0.03 0.03 0.03 0.03 0.76 0.03 0.03 0.03 0.03 0.02]
 [0.03 0.03 0.03 0.04 0.03 0.74 0.02 0.03 0.03 0.03]
 [0.03 0.03 0.03 0.03 0.03 0.02 0.75 0.03 0.03 0.03]
 [0.02 0.03 0.03 0.03 0.03 0.03 0.02 0.76 0.03 0.03]
 [0.03 0.03 0.02 0.03 0.03 0.02 0.02 0.03 0.77 0.03]
 [0.03 0.03 0.03 0.03 0.02 0.03 0.03 0.03 0.03 0.76]]
epoch 70
Train Loss: 0.902079, Vol_loss: -2.877961  Acc: 0.809978
Val Loss: 1.218768, Acc: 0.714000
Test Loss: 0.490526, Acc: 0.887100
Estimation Error: 0.09
[[0.76 0.02 0.03 0.02 0.03 0.02 0.03 0.03 0.03 0.03]
 [0.02 0.77 0.03 0.02 0.02 0.03 0.03 0.03 0.03 0.03]
 [0.02 0.03 0.76 0.03 0.03 0.03 0.03 0.03 0.02 0.03]
 [0.03 0.03 0.03 0.72 0.03 0.05 0.03 0.03 0.03 0.02]
 [0.03 0.03 0.03 0.03 0.76 0.03 0.03 0.03 0.03 0.02]
 [0.03 0.03 0.03 0.04 0.03 0.74 0.02 0.03 0.03 0.03]
 [0.03 0.03 0.03 0.03 0.03 0.02 0.75 0.03 0.03 0.03]
 [0.02 0.03 0.03 0.03 0.03 0.03 0.02 0.76 0.03 0.03]
 [0.03 0.03 0.02 0.03 0.03 0.02 0.02 0.03 0.77 0.03]
 [0.03 0.03 0.03 0.03 0.02 0.03 0.03 0.03 0.03 0.76]]
epoch 71
Train Loss: 0.902341, Vol_loss: -2.877299  Acc: 0.809422
Val Loss: 1.217479, Acc: 0.714600
Test Loss: 0.486983, Acc: 0.884800
Estimation Error: 0.09
[[0.76 0.02 0.03 0.02 0.03 0.02 0.03 0.03 0.03 0.03]
 [0.02 0.77 0.03 0.02 0.02 0.03 0.03 0.03 0.03 0.03]
 [0.02 0.03 0.76 0.03 0.03 0.03 0.03 0.03 0.02 0.03]
 [0.03 0.03 0.03 0.72 0.03 0.05 0.03 0.03 0.03 0.02]
 [0.03 0.03 0.03 0.03 0.76 0.03 0.03 0.03 0.03 0.02]
 [0.03 0.03 0.03 0.04 0.03 0.74 0.02 0.03 0.03 0.03]
 [0.03 0.03 0.03 0.03 0.03 0.02 0.75 0.03 0.03 0.03]
 [0.02 0.03 0.03 0.03 0.03 0.03 0.02 0.76 0.03 0.03]
 [0.03 0.03 0.02 0.03 0.03 0.02 0.02 0.03 0.77 0.03]
 [0.03 0.03 0.03 0.03 0.02 0.03 0.03 0.03 0.03 0.76]]
epoch 72
Train Loss: 0.903149, Vol_loss: -2.876629  Acc: 0.808889
Val Loss: 1.219983, Acc: 0.712600
Test Loss: 0.491775, Acc: 0.884600
Estimation Error: 0.09
[[0.76 0.02 0.03 0.02 0.03 0.02 0.03 0.03 0.03 0.03]
 [0.02 0.77 0.03 0.02 0.02 0.03 0.03 0.03 0.03 0.03]
 [0.02 0.03 0.76 0.03 0.03 0.03 0.03 0.03 0.02 0.03]
 [0.03 0.03 0.03 0.72 0.03 0.05 0.03 0.03 0.03 0.02]
 [0.03 0.03 0.03 0.03 0.76 0.03 0.03 0.03 0.03 0.02]
 [0.03 0.03 0.03 0.04 0.03 0.74 0.02 0.03 0.03 0.03]
 [0.03 0.03 0.03 0.03 0.03 0.02 0.75 0.03 0.03 0.03]
 [0.02 0.03 0.03 0.03 0.03 0.03 0.02 0.76 0.03 0.03]
 [0.03 0.03 0.02 0.03 0.03 0.02 0.02 0.03 0.77 0.03]
 [0.03 0.03 0.03 0.03 0.02 0.03 0.03 0.03 0.03 0.76]]
epoch 73
Train Loss: 0.901737, Vol_loss: -2.875954  Acc: 0.808956
Val Loss: 1.218736, Acc: 0.713400
Test Loss: 0.492193, Acc: 0.885300
Estimation Error: 0.09
[[0.76 0.02 0.03 0.02 0.03 0.02 0.03 0.03 0.03 0.03]
 [0.02 0.77 0.03 0.02 0.02 0.03 0.03 0.03 0.03 0.03]
 [0.02 0.03 0.76 0.03 0.03 0.03 0.03 0.03 0.02 0.03]
 [0.03 0.03 0.03 0.72 0.03 0.05 0.03 0.03 0.03 0.02]
 [0.03 0.03 0.03 0.03 0.76 0.03 0.03 0.03 0.03 0.02]
 [0.03 0.03 0.03 0.04 0.03 0.74 0.02 0.03 0.03 0.03]
 [0.03 0.03 0.03 0.03 0.03 0.02 0.75 0.03 0.03 0.03]
 [0.02 0.03 0.03 0.03 0.03 0.03 0.02 0.76 0.03 0.03]
 [0.03 0.03 0.02 0.03 0.03 0.02 0.02 0.03 0.77 0.03]
 [0.03 0.03 0.03 0.03 0.02 0.03 0.03 0.03 0.03 0.76]]
epoch 74
Train Loss: 0.901357, Vol_loss: -2.875276  Acc: 0.810178
Val Loss: 1.215873, Acc: 0.716200
Test Loss: 0.490069, Acc: 0.886400
Estimation Error: 0.09
[[0.76 0.02 0.03 0.02 0.03 0.02 0.03 0.03 0.03 0.03]
 [0.02 0.77 0.03 0.02 0.02 0.03 0.03 0.03 0.03 0.03]
 [0.02 0.03 0.76 0.03 0.03 0.03 0.03 0.03 0.02 0.03]
 [0.03 0.03 0.03 0.72 0.03 0.05 0.03 0.03 0.03 0.02]
 [0.03 0.03 0.03 0.03 0.76 0.03 0.03 0.03 0.03 0.02]
 [0.03 0.03 0.03 0.04 0.03 0.74 0.02 0.03 0.03 0.03]
 [0.03 0.03 0.03 0.03 0.03 0.02 0.75 0.03 0.03 0.03]
 [0.02 0.03 0.03 0.03 0.03 0.03 0.02 0.76 0.03 0.03]
 [0.03 0.03 0.02 0.03 0.03 0.02 0.02 0.03 0.77 0.03]
 [0.03 0.03 0.03 0.03 0.02 0.03 0.03 0.03 0.03 0.76]]
epoch 75
Train Loss: 0.901773, Vol_loss: -2.874615  Acc: 0.809956
Val Loss: 1.214907, Acc: 0.714200
Test Loss: 0.487892, Acc: 0.886300
Estimation Error: 0.09
[[0.76 0.02 0.03 0.02 0.03 0.02 0.03 0.03 0.03 0.03]
 [0.02 0.77 0.03 0.02 0.02 0.03 0.03 0.03 0.03 0.03]
 [0.02 0.03 0.76 0.03 0.03 0.03 0.03 0.03 0.02 0.03]
 [0.03 0.03 0.03 0.72 0.03 0.05 0.03 0.03 0.03 0.02]
 [0.03 0.03 0.03 0.03 0.76 0.03 0.03 0.03 0.03 0.02]
 [0.03 0.03 0.03 0.04 0.03 0.74 0.02 0.03 0.03 0.03]
 [0.03 0.03 0.03 0.03 0.03 0.02 0.75 0.03 0.03 0.03]
 [0.02 0.03 0.03 0.03 0.03 0.03 0.02 0.76 0.03 0.03]
 [0.03 0.03 0.02 0.03 0.03 0.02 0.02 0.03 0.77 0.03]
 [0.03 0.03 0.03 0.03 0.02 0.03 0.03 0.03 0.03 0.76]]
epoch 76
Train Loss: 0.900107, Vol_loss: -2.873951  Acc: 0.810933
Val Loss: 1.217154, Acc: 0.715200
Test Loss: 0.489959, Acc: 0.886100
Estimation Error: 0.09
[[0.76 0.02 0.03 0.02 0.03 0.02 0.03 0.03 0.03 0.03]
 [0.02 0.77 0.03 0.02 0.02 0.03 0.03 0.03 0.03 0.03]
 [0.02 0.03 0.76 0.03 0.03 0.03 0.03 0.03 0.02 0.03]
 [0.03 0.03 0.03 0.72 0.03 0.05 0.03 0.03 0.03 0.02]
 [0.03 0.03 0.03 0.03 0.76 0.03 0.03 0.03 0.03 0.02]
 [0.03 0.03 0.03 0.04 0.03 0.74 0.02 0.03 0.03 0.03]
 [0.03 0.03 0.03 0.03 0.03 0.02 0.75 0.03 0.03 0.03]
 [0.02 0.03 0.03 0.03 0.03 0.03 0.02 0.76 0.03 0.03]
 [0.03 0.03 0.02 0.03 0.03 0.02 0.02 0.03 0.77 0.03]
 [0.03 0.03 0.03 0.03 0.02 0.03 0.03 0.03 0.03 0.76]]
epoch 77
Train Loss: 0.901376, Vol_loss: -2.873263  Acc: 0.809644
Val Loss: 1.218308, Acc: 0.713600
Test Loss: 0.489888, Acc: 0.886700
Estimation Error: 0.09
[[0.76 0.02 0.03 0.02 0.03 0.02 0.03 0.03 0.03 0.03]
 [0.02 0.77 0.03 0.02 0.02 0.03 0.03 0.03 0.03 0.03]
 [0.02 0.03 0.76 0.03 0.03 0.03 0.03 0.03 0.02 0.03]
 [0.03 0.03 0.03 0.72 0.03 0.05 0.03 0.03 0.03 0.02]
 [0.03 0.03 0.03 0.03 0.76 0.03 0.03 0.03 0.03 0.02]
 [0.03 0.03 0.03 0.04 0.03 0.74 0.02 0.03 0.03 0.03]
 [0.03 0.03 0.03 0.03 0.03 0.02 0.75 0.03 0.03 0.03]
 [0.02 0.02 0.03 0.03 0.03 0.03 0.02 0.76 0.03 0.03]
 [0.03 0.03 0.02 0.03 0.03 0.02 0.02 0.03 0.77 0.03]
 [0.03 0.03 0.03 0.03 0.02 0.03 0.03 0.03 0.03 0.76]]
epoch 78
Train Loss: 0.898190, Vol_loss: -2.872615  Acc: 0.811044
Val Loss: 1.219999, Acc: 0.712800
Test Loss: 0.492537, Acc: 0.885700
Estimation Error: 0.09
[[0.76 0.02 0.03 0.02 0.03 0.02 0.03 0.03 0.03 0.03]
 [0.02 0.77 0.03 0.02 0.02 0.03 0.02 0.03 0.03 0.03]
 [0.02 0.03 0.76 0.03 0.03 0.03 0.03 0.03 0.02 0.03]
 [0.03 0.03 0.03 0.72 0.03 0.05 0.03 0.03 0.03 0.02]
 [0.03 0.03 0.03 0.03 0.76 0.03 0.03 0.03 0.03 0.02]
 [0.03 0.03 0.03 0.04 0.03 0.74 0.02 0.03 0.03 0.03]
 [0.03 0.03 0.03 0.03 0.03 0.02 0.75 0.03 0.03 0.03]
 [0.02 0.02 0.03 0.03 0.03 0.03 0.02 0.76 0.03 0.03]
 [0.03 0.03 0.02 0.03 0.03 0.02 0.02 0.03 0.77 0.03]
 [0.03 0.03 0.03 0.03 0.02 0.03 0.03 0.03 0.03 0.76]]
epoch 79
Train Loss: 0.899285, Vol_loss: -2.871936  Acc: 0.811022
Val Loss: 1.219512, Acc: 0.713400
Test Loss: 0.496134, Acc: 0.886900
Estimation Error: 0.09
[[0.76 0.02 0.03 0.02 0.03 0.02 0.03 0.03 0.03 0.03]
 [0.02 0.77 0.03 0.02 0.02 0.03 0.02 0.03 0.03 0.03]
 [0.02 0.03 0.76 0.03 0.03 0.03 0.03 0.03 0.02 0.03]
 [0.03 0.03 0.03 0.72 0.03 0.05 0.03 0.03 0.03 0.02]
 [0.03 0.03 0.03 0.03 0.76 0.03 0.03 0.03 0.03 0.02]
 [0.03 0.03 0.03 0.04 0.03 0.74 0.02 0.03 0.03 0.03]
 [0.03 0.03 0.03 0.03 0.03 0.02 0.75 0.03 0.03 0.03]
 [0.02 0.02 0.03 0.03 0.03 0.03 0.02 0.76 0.03 0.03]
 [0.03 0.03 0.02 0.03 0.03 0.02 0.02 0.03 0.77 0.03]
 [0.03 0.03 0.03 0.03 0.02 0.03 0.03 0.03 0.03 0.76]]
epoch 80
Train Loss: 0.898809, Vol_loss: -2.871259  Acc: 0.810711
Val Loss: 1.217904, Acc: 0.713800
Test Loss: 0.492216, Acc: 0.886400
Estimation Error: 0.09
[[0.76 0.02 0.03 0.02 0.03 0.02 0.03 0.03 0.03 0.03]
 [0.02 0.77 0.03 0.02 0.02 0.03 0.02 0.03 0.03 0.03]
 [0.02 0.03 0.76 0.03 0.03 0.03 0.03 0.03 0.02 0.03]
 [0.03 0.03 0.03 0.72 0.03 0.05 0.03 0.03 0.03 0.02]
 [0.03 0.03 0.03 0.03 0.76 0.03 0.03 0.03 0.03 0.02]
 [0.03 0.03 0.03 0.04 0.03 0.74 0.02 0.03 0.03 0.03]
 [0.03 0.03 0.03 0.03 0.03 0.02 0.75 0.03 0.03 0.03]
 [0.02 0.02 0.03 0.03 0.03 0.03 0.02 0.76 0.03 0.03]
 [0.03 0.03 0.02 0.03 0.03 0.02 0.02 0.03 0.77 0.03]
 [0.03 0.03 0.03 0.03 0.02 0.03 0.03 0.03 0.03 0.76]]
Final test accuracy: 0.895200
Final test accuracy acc: 0.892900
Final estimation error loss: 0.117031
Final estimation error loss acc: 0.118014
Best epoch: 34
[[0.75 0.03 0.03 0.03 0.03 0.02 0.03 0.03 0.03 0.03]
 [0.03 0.76 0.03 0.02 0.03 0.03 0.03 0.03 0.03 0.03]
 [0.03 0.03 0.74 0.03 0.03 0.03 0.03 0.03 0.03 0.03]
 [0.03 0.03 0.03 0.7  0.03 0.06 0.03 0.03 0.03 0.03]
 [0.03 0.03 0.03 0.03 0.74 0.03 0.03 0.03 0.03 0.03]
 [0.03 0.03 0.04 0.05 0.03 0.72 0.03 0.03 0.03 0.03]
 [0.03 0.03 0.03 0.03 0.03 0.03 0.74 0.03 0.03 0.03]
 [0.03 0.03 0.03 0.03 0.03 0.04 0.02 0.75 0.03 0.03]
 [0.03 0.03 0.03 0.03 0.03 0.02 0.02 0.03 0.76 0.03]
 [0.03 0.03 0.03 0.03 0.02 0.03 0.03 0.03 0.03 0.75]]
