epoch train_acc1 train_acc2 test_acc1 test_acc2
0 0 0 9.975961538461538 8.263221153846153
1 24.24278846153846 22.369791666666668 38.91225961538461 32.78245192307692
2 34.37900641025641 31.889022435897434 44.91185897435897 42.17748397435897
3 38.48157051282051 36.65464743589744 47.736378205128204 46.51442307692308
4 41.42427884615385 39.196714743589745 52.053285256410255 48.37740384615385
5 43.26923076923077 41.18790064102564 52.624198717948715 50.520833333333336
6 44.78565705128205 42.65625 53.87620192307692 50.93149038461539
7 46.227964743589745 44.24278846153846 54.70753205128205 52.92467948717949
8 47.27764423076923 45.705128205128204 55.29847756410256 54.02644230769231
9 47.86057692307692 46.40224358974359 57.19150641025641 55.79927884615385
10 49.11658653846154 47.736378205128204 58.00280448717949 56.18990384615385
11 49.87780448717949 48.58974358974359 58.45352564102564 55.749198717948715
12 50.50480769230769 49.583333333333336 58.76402243589744 57.8525641025641
13 51.10376602564103 50.24439102564103 59.23477564102564 57.62219551282051
14 51.87900641025641 50.98758012820513 59.49519230769231 57.8125
15 52.34775641025641 51.540464743589745 59.16466346153846 58.71394230769231
16 53.05288461538461 52.28165064102564 59.75560897435897 58.092948717948715
17 53.57972756410256 52.72235576923077 59.82572115384615 57.80248397435897
18 53.88221153846154 53.37740384615385 60.45673076923077 58.54366987179487
19 54.587339743589745 53.99038461538461 60.17628205128205 58.84415064102564
20 50.34855769230769 50.00801282051282 58.77403846153846 57.36177884615385
21 51.720753205128204 51.306089743589745 57.23157051282051 55.969551282051285
22 52.24559294871795 51.594551282051285 56.91105769230769 58.15304487179487
23 52.63822115384615 53.046875 58.483573717948715 57.421875
24 53.47155448717949 52.95472756410256 59.0244391025641 58.47355769230769
25 54.33092948717949 53.71995192307692 58.99439102564103 58.03285256410256
26 54.47716346153846 54.52323717948718 58.32331730769231 58.23317307692308
27 55.14022435897436 54.3369391025641 58.74399038461539 56.9911858974359
28 55.57491987179487 54.78565705128205 57.83253205128205 57.522035256410255
29 55.578926282051285 55.34254807692308 60.1161858974359 58.91426282051282
30 55.88741987179487 55.25440705128205 59.64543269230769 58.52363782051282
31 56.11778846153846 55.99559294871795 59.78565705128205 58.38341346153846
32 56.34815705128205 56.59054487179487 58.37339743589744 58.95432692307692
33 56.92307692307692 56.530448717948715 59.655448717948715 58.80408653846154
34 57.33774038461539 56.89102564102564 60.29647435897436 58.37339743589744
35 57.40384615384615 57.05929487179487 60.1963141025641 58.45352564102564
36 57.5400641025641 57.610176282051285 59.084535256410255 58.18309294871795
37 58.177083333333336 57.88661858974359 59.99599358974359 58.483573717948715
38 58.55969551282051 57.87459935897436 59.77564102564103 58.53365384615385
39 58.27524038461539 58.16706730769231 59.22475961538461 59.39503205128205
40 58.639823717948715 58.703926282051285 59.23477564102564 59.81570512820513
41 58.73798076923077 58.796073717948715 60.63701923076923 58.84415064102564
42 58.99038461538461 58.76802884615385 59.895833333333336 58.00280448717949
43 59.21474358974359 59.274839743589745 59.25480769230769 58.19310897435897
44 59.12259615384615 59.609375 60.03605769230769 59.665464743589745
45 59.46714743589744 60.09014423076923 59.55528846153846 58.53365384615385
46 59.73758012820513 59.88581730769231 59.73557692307692 58.02283653846154
47 60.31850961538461 60.06810897435897 59.78565705128205 59.40504807692308
48 60.44070512820513 60.45272435897436 59.40504807692308 58.984375
49 60.34655448717949 60.44871794871795 59.36498397435897 57.72235576923077
50 60.358573717948715 60.8213141025641 58.79407051282051 58.01282051282051
51 60.705128205128204 60.81730769230769 60.01602564102564 57.44190705128205
52 60.76722756410256 60.989583333333336 59.39503205128205 57.30168269230769
53 61.19190705128205 60.6630608974359 59.455128205128204 58.19310897435897
54 60.81730769230769 61.564503205128204 58.61378205128205 57.28165064102564
55 61.173878205128204 61.614583333333336 59.90584935897436 58.83413461538461
56 61.5244391025641 61.68469551282051 59.70552884615385 57.45192307692308
57 61.63060897435897 61.81089743589744 58.78405448717949 58.092948717948715
58 61.99519230769231 62.131410256410255 58.904246794871796 58.693910256410255
59 61.9911858974359 62.01121794871795 59.685496794871796 57.65224358974359
60 62.25160256410256 62.35777243589744 59.895833333333336 58.77403846153846
61 62.1474358974359 62.43990384615385 58.71394230769231 59.084535256410255
62 62.44991987179487 62.630208333333336 60.06610576923077 57.72235576923077
63 62.5 62.600160256410255 60.10616987179487 58.39342948717949
64 62.630208333333336 63.020833333333336 58.62379807692308 57.912660256410255
65 62.81650641025641 62.87660256410256 59.3349358974359 57.58213141025641
66 62.96875 63.42147435897436 59.865785256410255 58.04286858974359
67 63.0849358974359 63.58774038461539 58.52363782051282 58.27323717948718
68 63.30929487179487 63.46153846153846 60.10616987179487 58.00280448717949
69 63.03485576923077 63.76201923076923 59.92588141025641 58.93429487179487
70 63.307291666666664 63.75400641025641 59.4150641025641 58.59375
71 63.68589743589744 63.99639423076923 59.455128205128204 58.673878205128204
72 63.513621794871796 64.2167467948718 59.70552884615385 58.38341346153846
73 63.57572115384615 63.71594551282051 59.375 58.00280448717949
74 63.68189102564103 64.12860576923077 60.22636217948718 57.912660256410255
75 63.717948717948715 64.34895833333333 59.685496794871796 58.25320512820513
76 63.99839743589744 64.32892628205128 59.114583333333336 57.82251602564103
77 64.03245192307692 64.69751602564102 59.20472756410256 58.23317307692308
78 64.1045673076923 64.50921474358974 58.64383012820513 58.38341346153846
79 64.43509615384616 64.65745192307692 59.865785256410255 58.18309294871795
80 63.74399038461539 64.31690705128206 59.38501602564103 57.942708333333336
81 64.03445512820512 64.1005608974359 59.43509615384615 56.39022435897436
82 64.01041666666667 64.39903846153847 59.19471153846154 57.732371794871796
83 63.86217948717949 64.5292467948718 59.55528846153846 58.483573717948715
84 64.04246794871794 64.69751602564102 59.244791666666664 57.86258012820513
85 64.37900641025641 64.75160256410257 58.1630608974359 58.313301282051285
86 64.28084935897436 64.83974358974359 59.13461538461539 57.421875
87 64.39703525641026 64.77363782051282 59.42508012820513 56.2900641025641
88 64.46514423076923 65.2764423076923 59.83573717948718 57.79246794871795
89 65.05008012820512 65.04407051282051 58.80408653846154 57.131410256410255
90 64.91185897435898 65.24238782051282 58.74399038461539 56.97115384615385
91 65.22035256410257 65.52684294871794 58.81410256410256 56.80088141025641
92 65.20232371794872 65.48677884615384 59.00440705128205 57.72235576923077
93 65.39863782051282 65.65905448717949 59.05448717948718 56.71073717948718
94 65.33653846153847 65.83533653846153 58.78405448717949 58.05288461538461
95 65.4266826923077 65.78725961538461 58.884214743589745 57.8125
96 65.65304487179488 65.5849358974359 59.294871794871796 57.62219551282051
97 65.65304487179488 66.37820512820512 58.81410256410256 57.87259615384615
98 65.92748397435898 66.41225961538461 58.984375 58.102964743589745
99 66.21995192307692 66.4042467948718 58.41346153846154 57.47195512820513
100 66.38621794871794 66.41025641025641 58.54366987179487 57.40184294871795
101 66.2099358974359 66.90304487179488 59.17467948717949 57.87259615384615
102 66.53245192307692 67.09134615384616 58.82411858974359 58.11298076923077
103 66.6426282051282 66.94511217948718 59.57532051282051 57.48197115384615
104 66.93509615384616 66.9911858974359 58.92427884615385 57.86258012820513
105 67.08333333333333 67.12740384615384 59.32491987179487 58.15304487179487
106 66.70673076923077 67.59014423076923 59.0244391025641 57.80248397435897
107 67.23357371794872 67.41586538461539 59.13461538461539 57.78245192307692
108 67.14142628205128 67.58814102564102 59.00440705128205 57.61217948717949
109 67.60416666666667 67.67427884615384 58.95432692307692 57.78245192307692
110 67.55809294871794 67.96073717948718 59.17467948717949 57.7724358974359
111 67.84655448717949 68.03285256410257 59.30488782051282 57.942708333333336
112 67.75841346153847 67.98677884615384 58.64383012820513 57.78245192307692
113 67.82652243589743 68.29326923076923 59.16466346153846 57.26161858974359
114 67.85857371794872 67.97876602564102 58.60376602564103 57.83253205128205
115 68.03084935897436 68.73397435897436 59.05448717948718 57.8525641025641
116 68.41947115384616 68.60176282051282 59.3349358974359 57.8525641025641
117 68.33333333333333 68.7920673076923 58.96434294871795 56.770833333333336
118 68.50160256410257 68.63982371794872 58.884214743589745 57.61217948717949
119 68.3954326923077 69.04246794871794 58.9443108974359 57.912660256410255
120 68.89423076923077 68.7880608974359 59.69551282051282 57.66225961538461
121 68.60977564102564 69.19871794871794 58.79407051282051 57.49198717948718
122 68.80008012820512 69.39903846153847 58.79407051282051 57.40184294871795
123 69.05649038461539 69.28685897435898 58.92427884615385 57.22155448717949
124 69.14463141025641 69.30689102564102 58.79407051282051 57.552083333333336
125 69.50721153846153 69.58533653846153 59.00440705128205 57.21153846153846
126 69.27283653846153 69.7275641025641 58.83413461538461 57.39182692307692
127 69.50921474358974 69.78766025641026 59.274839743589745 56.61057692307692
128 69.69350961538461 69.42708333333333 58.86418269230769 57.63221153846154
129 69.8798076923077 69.93189102564102 59.18469551282051 57.79246794871795
130 69.79967948717949 70.09014423076923 58.21314102564103 58.01282051282051
131 70.00400641025641 70.31850961538461 58.75400641025641 57.161458333333336
132 69.92788461538461 70.17427884615384 59.294871794871796 57.54206730769231
133 69.97796474358974 70.35657051282051 59.12459935897436 57.532051282051285
134 70.0 70.61899038461539 58.874198717948715 57.87259615384615
135 70.35657051282051 70.38261217948718 58.86418269230769 57.00120192307692
136 70.3525641025641 70.60296474358974 58.904246794871796 57.291666666666664
137 70.47876602564102 70.6229967948718 58.984375 57.40184294871795
138 70.67908653846153 70.93149038461539 58.84415064102564 57.74238782051282
139 70.59094551282051 70.87940705128206 58.64383012820513 57.33173076923077
140 70.78725961538461 70.83934294871794 58.97435897435897 57.37179487179487
141 70.72916666666667 71.07772435897436 59.475160256410255 57.86258012820513
142 71.03766025641026 71.18189102564102 59.18469551282051 57.76241987179487
143 70.95753205128206 71.15184294871794 58.854166666666664 56.58052884615385
144 71.27804487179488 71.41225961538461 59.44511217948718 57.712339743589745
145 71.14983974358974 71.24198717948718 59.064503205128204 57.09134615384615
146 71.39222756410257 71.64863782051282 59.23477564102564 57.45192307692308
147 71.2900641025641 71.49439102564102 59.0244391025641 57.892628205128204
148 71.35016025641026 71.79086538461539 58.6338141025641 57.06129807692308
149 71.40224358974359 71.82491987179488 59.22475961538461 57.45192307692308
150 71.70272435897436 71.80288461538461 58.66386217948718 57.291666666666664
151 71.41626602564102 71.89302884615384 58.82411858974359 57.39182692307692
152 71.61458333333333 72.1514423076923 59.064503205128204 57.06129807692308
153 71.81891025641026 72.05729166666667 59.05448717948718 57.62219551282051
154 71.8389423076923 72.04727564102564 59.21474358974359 56.63060897435897
155 71.71274038461539 72.29166666666667 58.874198717948715 56.98116987179487
156 72.03926282051282 72.19150641025641 58.6338141025641 57.4619391025641
157 72.20953525641026 72.33974358974359 59.0244391025641 57.83253205128205
158 72.20953525641026 72.36378205128206 59.15464743589744 56.9911858974359
159 72.37179487179488 72.43990384615384 58.693910256410255 57.58213141025641
160 72.27564102564102 72.25961538461539 58.80408653846154 57.36177884615385
161 72.49399038461539 72.51001602564102 58.62379807692308 57.28165064102564
162 72.50400641025641 72.58814102564102 59.274839743589745 56.98116987179487
163 72.50600961538461 72.70633012820512 58.81410256410256 57.72235576923077
164 72.61017628205128 72.83052884615384 58.79407051282051 57.321714743589745
165 72.70633012820512 72.83653846153847 58.92427884615385 57.39182692307692
166 72.7363782051282 72.89863782051282 59.01442307692308 57.10136217948718
167 72.8104967948718 72.98277243589743 58.884214743589745 57.131410256410255
168 72.890625 73.0108173076923 58.75400641025641 57.15144230769231
169 72.92267628205128 72.89663461538461 58.79407051282051 57.15144230769231
170 73.01883012820512 73.05288461538461 58.84415064102564 57.3818108974359
171 73.13301282051282 73.1270032051282 58.65384615384615 57.421875
172 73.09094551282051 73.18709935897436 58.77403846153846 57.23157051282051
173 73.1670673076923 73.13501602564102 58.93429487179487 56.87099358974359
174 73.27323717948718 72.98477564102564 58.93429487179487 57.08133012820513
175 73.26522435897436 73.33533653846153 59.084535256410255 57.291666666666664
176 73.40344551282051 73.42748397435898 58.77403846153846 57.03125
177 73.37940705128206 73.42948717948718 58.93429487179487 57.3818108974359
178 73.31129807692308 73.4775641025641 58.80408653846154 57.41185897435897
179 73.46955128205128 73.48557692307692 58.74399038461539 57.41185897435897
180 73.57972756410257 73.52363782051282 58.80408653846154 57.48197115384615
181 73.48557692307692 73.53565705128206 58.984375 57.321714743589745
182 73.56570512820512 73.62379807692308 58.78405448717949 57.37179487179487
183 73.69391025641026 73.65584935897436 58.93429487179487 57.30168269230769
184 73.69991987179488 73.64983974358974 58.723958333333336 57.4619391025641
185 73.75801282051282 73.7139423076923 58.79407051282051 56.9911858974359
186 73.79607371794872 73.77003205128206 58.68389423076923 57.09134615384615
187 73.84014423076923 73.74198717948718 58.74399038461539 56.951121794871796
188 73.84214743589743 73.81209935897436 58.81410256410256 57.23157051282051
189 73.81209935897436 73.8661858974359 58.95432692307692 56.901041666666664
190 73.87219551282051 73.84214743589743 58.79407051282051 57.24158653846154
191 73.99439102564102 73.90625 58.703926282051285 57.08133012820513
192 73.99439102564102 73.96834935897436 58.68389423076923 57.161458333333336
193 73.97636217948718 73.93229166666667 58.66386217948718 57.131410256410255
194 74.05649038461539 73.96834935897436 58.60376602564103 57.00120192307692
195 74.05849358974359 73.99038461538461 58.64383012820513 57.00120192307692
196 74.09254807692308 74.00841346153847 58.463541666666664 57.0713141025641
197 74.12860576923077 74.01842948717949 58.74399038461539 56.98116987179487
198 74.1826923076923 74.04647435897436 58.60376602564103 57.04126602564103
199 74.17467948717949 74.05849358974359 58.56370192307692 56.931089743589745
