Namespace(lr=0.01, save_dir='saves', dataset='cifar10', n_epoch=80, num_classes=10, noise_type='symmetric', noise_rate=0.2, seed=1, batch_size=128, device=0, weight_decay=0.0001, lam=0.0001, anchor=True)
[[0.8  0.02 0.02 0.02 0.02 0.02 0.02 0.02 0.02 0.02]
 [0.02 0.8  0.02 0.02 0.02 0.02 0.02 0.02 0.02 0.02]
 [0.02 0.02 0.8  0.02 0.02 0.02 0.02 0.02 0.02 0.02]
 [0.02 0.02 0.02 0.8  0.02 0.02 0.02 0.02 0.02 0.02]
 [0.02 0.02 0.02 0.02 0.8  0.02 0.02 0.02 0.02 0.02]
 [0.02 0.02 0.02 0.02 0.02 0.8  0.02 0.02 0.02 0.02]
 [0.02 0.02 0.02 0.02 0.02 0.02 0.8  0.02 0.02 0.02]
 [0.02 0.02 0.02 0.02 0.02 0.02 0.02 0.8  0.02 0.02]
 [0.02 0.02 0.02 0.02 0.02 0.02 0.02 0.02 0.8  0.02]
 [0.02 0.02 0.02 0.02 0.02 0.02 0.02 0.02 0.02 0.8 ]]
[[0.48 0.06 0.06 0.06 0.06 0.06 0.06 0.06 0.06 0.06]
 [0.06 0.48 0.06 0.06 0.06 0.06 0.06 0.06 0.06 0.06]
 [0.06 0.06 0.48 0.06 0.06 0.06 0.06 0.06 0.06 0.06]
 [0.06 0.06 0.06 0.48 0.06 0.06 0.06 0.06 0.06 0.06]
 [0.06 0.06 0.06 0.06 0.48 0.06 0.06 0.06 0.06 0.06]
 [0.06 0.06 0.06 0.06 0.06 0.48 0.06 0.06 0.06 0.06]
 [0.06 0.06 0.06 0.06 0.06 0.06 0.48 0.06 0.06 0.06]
 [0.06 0.06 0.06 0.06 0.06 0.06 0.06 0.48 0.06 0.06]
 [0.06 0.06 0.06 0.06 0.06 0.06 0.06 0.06 0.48 0.06]
 [0.06 0.06 0.06 0.06 0.06 0.06 0.06 0.06 0.06 0.48]]
Estimation Error: 0.64
epoch 1
Train Loss: 1.955493, Vol_loss: -7.662609  Acc: 0.335956
Val Loss: 1.841570, Acc: 0.427600
Test Loss: 1.638701, Acc: 0.524900
Estimation Error: 0.62
[[0.49 0.06 0.06 0.06 0.06 0.06 0.05 0.06 0.06 0.06]
 [0.06 0.49 0.06 0.06 0.05 0.06 0.05 0.06 0.06 0.06]
 [0.06 0.05 0.49 0.06 0.06 0.06 0.06 0.06 0.06 0.06]
 [0.06 0.05 0.06 0.49 0.06 0.06 0.06 0.06 0.05 0.06]
 [0.06 0.05 0.06 0.06 0.49 0.06 0.06 0.06 0.05 0.05]
 [0.05 0.05 0.06 0.06 0.06 0.49 0.06 0.06 0.05 0.05]
 [0.06 0.06 0.06 0.06 0.06 0.06 0.49 0.06 0.05 0.06]
 [0.06 0.06 0.06 0.06 0.06 0.06 0.06 0.49 0.05 0.06]
 [0.06 0.06 0.06 0.06 0.06 0.06 0.05 0.05 0.49 0.06]
 [0.06 0.06 0.06 0.06 0.06 0.06 0.06 0.06 0.06 0.49]]
epoch 2
Train Loss: 1.742868, Vol_loss: -7.492880  Acc: 0.461756
Val Loss: 1.772029, Acc: 0.469800
Test Loss: 1.833885, Acc: 0.558800
Estimation Error: 0.61
[[0.5  0.05 0.06 0.05 0.06 0.05 0.05 0.05 0.06 0.06]
 [0.06 0.5  0.05 0.05 0.05 0.05 0.05 0.05 0.06 0.07]
 [0.06 0.05 0.49 0.06 0.06 0.06 0.06 0.06 0.05 0.05]
 [0.05 0.05 0.06 0.49 0.06 0.06 0.06 0.06 0.05 0.05]
 [0.05 0.05 0.06 0.06 0.49 0.06 0.06 0.06 0.05 0.05]
 [0.05 0.05 0.06 0.07 0.06 0.49 0.05 0.06 0.05 0.05]
 [0.05 0.05 0.06 0.06 0.06 0.06 0.5  0.05 0.05 0.05]
 [0.05 0.05 0.06 0.06 0.06 0.06 0.05 0.5  0.05 0.05]
 [0.07 0.06 0.05 0.05 0.05 0.05 0.05 0.05 0.5  0.06]
 [0.06 0.06 0.05 0.05 0.05 0.05 0.05 0.06 0.06 0.5 ]]
epoch 3
Train Loss: 1.623705, Vol_loss: -7.267149  Acc: 0.523244
Val Loss: 1.704907, Acc: 0.487800
Test Loss: 1.472617, Acc: 0.612200
Estimation Error: 0.58
[[0.51 0.05 0.06 0.05 0.05 0.05 0.05 0.05 0.06 0.06]
 [0.06 0.52 0.05 0.05 0.05 0.05 0.05 0.05 0.06 0.07]
 [0.06 0.05 0.5  0.06 0.06 0.06 0.06 0.06 0.05 0.05]
 [0.05 0.05 0.06 0.5  0.06 0.07 0.06 0.06 0.05 0.05]
 [0.05 0.05 0.06 0.06 0.5  0.06 0.06 0.06 0.05 0.05]
 [0.05 0.05 0.06 0.07 0.06 0.5  0.05 0.06 0.05 0.05]
 [0.05 0.05 0.06 0.06 0.06 0.05 0.51 0.05 0.05 0.05]
 [0.05 0.05 0.06 0.06 0.06 0.06 0.05 0.51 0.05 0.05]
 [0.07 0.05 0.05 0.05 0.05 0.05 0.05 0.05 0.51 0.06]
 [0.06 0.06 0.05 0.05 0.05 0.05 0.05 0.05 0.05 0.51]]
epoch 4
Train Loss: 1.543302, Vol_loss: -7.015731  Acc: 0.562778
Val Loss: 1.527139, Acc: 0.583800
Test Loss: 0.960788, Acc: 0.721600
Estimation Error: 0.56
[[0.52 0.05 0.06 0.05 0.05 0.05 0.05 0.05 0.06 0.05]
 [0.06 0.53 0.05 0.05 0.05 0.05 0.05 0.05 0.06 0.07]
 [0.06 0.05 0.51 0.06 0.06 0.06 0.06 0.05 0.05 0.05]
 [0.05 0.05 0.06 0.51 0.06 0.07 0.06 0.06 0.05 0.05]
 [0.05 0.05 0.06 0.06 0.51 0.06 0.06 0.06 0.05 0.05]
 [0.05 0.05 0.06 0.08 0.06 0.51 0.05 0.06 0.05 0.05]
 [0.05 0.05 0.06 0.06 0.06 0.05 0.52 0.05 0.05 0.05]
 [0.05 0.05 0.05 0.06 0.07 0.06 0.05 0.52 0.05 0.05]
 [0.07 0.05 0.05 0.05 0.05 0.05 0.05 0.05 0.53 0.05]
 [0.06 0.06 0.05 0.05 0.05 0.05 0.05 0.05 0.05 0.53]]
epoch 5
Train Loss: 1.481528, Vol_loss: -6.753209  Acc: 0.591711
Val Loss: 1.474417, Acc: 0.601800
Test Loss: 0.891007, Acc: 0.750400
Estimation Error: 0.54
[[0.53 0.05 0.06 0.05 0.05 0.05 0.05 0.05 0.06 0.05]
 [0.05 0.55 0.05 0.05 0.04 0.05 0.05 0.05 0.05 0.07]
 [0.06 0.05 0.52 0.06 0.06 0.06 0.06 0.05 0.05 0.05]
 [0.05 0.04 0.06 0.51 0.06 0.07 0.06 0.06 0.05 0.05]
 [0.05 0.05 0.06 0.06 0.52 0.06 0.06 0.06 0.05 0.04]
 [0.04 0.04 0.06 0.08 0.05 0.52 0.05 0.06 0.04 0.04]
 [0.05 0.05 0.06 0.06 0.06 0.05 0.53 0.05 0.04 0.05]
 [0.05 0.05 0.05 0.05 0.07 0.06 0.05 0.54 0.05 0.05]
 [0.07 0.05 0.05 0.05 0.05 0.05 0.05 0.05 0.55 0.05]
 [0.05 0.06 0.05 0.05 0.05 0.05 0.05 0.05 0.05 0.54]]
epoch 6
Train Loss: 1.429910, Vol_loss: -6.489168  Acc: 0.615756
Val Loss: 1.468872, Acc: 0.603000
Test Loss: 1.019564, Acc: 0.732800
Estimation Error: 0.51
[[0.55 0.05 0.06 0.05 0.05 0.05 0.04 0.05 0.06 0.05]
 [0.05 0.57 0.04 0.04 0.04 0.05 0.05 0.04 0.05 0.07]
 [0.05 0.04 0.53 0.06 0.06 0.06 0.06 0.05 0.05 0.04]
 [0.05 0.04 0.06 0.52 0.05 0.08 0.06 0.06 0.04 0.04]
 [0.05 0.04 0.06 0.06 0.54 0.06 0.05 0.06 0.04 0.04]
 [0.04 0.04 0.06 0.08 0.05 0.53 0.05 0.06 0.04 0.04]
 [0.05 0.04 0.06 0.06 0.06 0.05 0.55 0.05 0.04 0.04]
 [0.05 0.04 0.05 0.05 0.06 0.06 0.05 0.55 0.04 0.04]
 [0.07 0.05 0.05 0.05 0.04 0.05 0.05 0.04 0.56 0.05]
 [0.05 0.06 0.05 0.05 0.05 0.05 0.04 0.05 0.05 0.56]]
epoch 7
Train Loss: 1.391356, Vol_loss: -6.233622  Acc: 0.632356
Val Loss: 1.423040, Acc: 0.625800
Test Loss: 0.850939, Acc: 0.771900
Estimation Error: 0.48
[[0.56 0.04 0.06 0.05 0.05 0.04 0.04 0.04 0.06 0.05]
 [0.05 0.58 0.04 0.04 0.04 0.04 0.04 0.04 0.05 0.06]
 [0.05 0.04 0.54 0.06 0.06 0.05 0.06 0.05 0.04 0.04]
 [0.04 0.04 0.06 0.53 0.05 0.08 0.06 0.05 0.04 0.04]
 [0.05 0.04 0.06 0.06 0.55 0.06 0.05 0.06 0.04 0.04]
 [0.04 0.04 0.05 0.08 0.05 0.54 0.05 0.06 0.04 0.04]
 [0.04 0.04 0.06 0.06 0.06 0.05 0.56 0.04 0.04 0.04]
 [0.05 0.04 0.05 0.05 0.06 0.05 0.04 0.56 0.04 0.04]
 [0.06 0.05 0.04 0.05 0.04 0.04 0.05 0.04 0.58 0.05]
 [0.05 0.06 0.04 0.04 0.04 0.05 0.04 0.05 0.05 0.57]]
epoch 8
Train Loss: 1.357423, Vol_loss: -5.987022  Acc: 0.645200
Val Loss: 1.412757, Acc: 0.633400
Test Loss: 0.865500, Acc: 0.785000
Estimation Error: 0.46
[[0.57 0.04 0.06 0.05 0.05 0.04 0.04 0.04 0.06 0.05]
 [0.05 0.59 0.04 0.04 0.04 0.04 0.04 0.04 0.05 0.06]
 [0.05 0.04 0.55 0.06 0.06 0.05 0.05 0.05 0.04 0.04]
 [0.04 0.04 0.05 0.54 0.05 0.08 0.05 0.05 0.04 0.04]
 [0.04 0.04 0.06 0.06 0.56 0.06 0.05 0.05 0.04 0.04]
 [0.04 0.04 0.05 0.08 0.05 0.55 0.05 0.06 0.04 0.04]
 [0.04 0.04 0.06 0.06 0.05 0.05 0.57 0.04 0.04 0.04]
 [0.04 0.04 0.05 0.05 0.06 0.05 0.04 0.58 0.04 0.04]
 [0.06 0.05 0.04 0.05 0.04 0.04 0.04 0.04 0.59 0.05]
 [0.05 0.06 0.04 0.04 0.04 0.04 0.04 0.04 0.05 0.59]]
epoch 9
Train Loss: 1.330501, Vol_loss: -5.751598  Acc: 0.653800
Val Loss: 1.376986, Acc: 0.640000
Test Loss: 0.813891, Acc: 0.791400
Estimation Error: 0.44
[[0.59 0.04 0.06 0.04 0.04 0.04 0.04 0.04 0.06 0.05]
 [0.05 0.61 0.04 0.04 0.04 0.04 0.04 0.04 0.05 0.06]
 [0.05 0.04 0.57 0.06 0.06 0.05 0.05 0.05 0.04 0.04]
 [0.04 0.04 0.05 0.55 0.05 0.08 0.05 0.05 0.04 0.04]
 [0.04 0.04 0.06 0.05 0.57 0.05 0.05 0.05 0.04 0.04]
 [0.04 0.04 0.05 0.08 0.05 0.56 0.04 0.05 0.04 0.04]
 [0.04 0.04 0.06 0.06 0.05 0.05 0.58 0.04 0.04 0.04]
 [0.04 0.04 0.05 0.05 0.06 0.05 0.04 0.59 0.04 0.04]
 [0.06 0.04 0.04 0.04 0.04 0.04 0.04 0.04 0.6  0.05]
 [0.05 0.06 0.04 0.04 0.04 0.04 0.04 0.04 0.05 0.6 ]]
epoch 10
Train Loss: 1.302864, Vol_loss: -5.525655  Acc: 0.665600
Val Loss: 1.346884, Acc: 0.653400
Test Loss: 0.782951, Acc: 0.800400
Estimation Error: 0.41
[[0.6  0.04 0.06 0.04 0.04 0.04 0.04 0.04 0.05 0.05]
 [0.04 0.62 0.04 0.04 0.04 0.04 0.04 0.04 0.05 0.06]
 [0.05 0.04 0.58 0.06 0.05 0.05 0.05 0.05 0.04 0.04]
 [0.04 0.04 0.05 0.56 0.05 0.08 0.05 0.05 0.04 0.04]
 [0.04 0.04 0.06 0.05 0.59 0.05 0.05 0.05 0.04 0.04]
 [0.04 0.04 0.05 0.08 0.05 0.57 0.04 0.05 0.04 0.04]
 [0.04 0.04 0.06 0.06 0.05 0.04 0.6  0.04 0.04 0.04]
 [0.04 0.04 0.05 0.05 0.06 0.05 0.04 0.6  0.04 0.04]
 [0.06 0.04 0.04 0.04 0.04 0.04 0.04 0.04 0.62 0.04]
 [0.05 0.06 0.04 0.04 0.04 0.04 0.04 0.04 0.04 0.61]]
epoch 11
Train Loss: 1.278296, Vol_loss: -5.314427  Acc: 0.673867
Val Loss: 1.322356, Acc: 0.664000
Test Loss: 0.688330, Acc: 0.817700
Estimation Error: 0.39
[[0.61 0.04 0.05 0.04 0.04 0.04 0.04 0.04 0.05 0.04]
 [0.04 0.63 0.04 0.04 0.04 0.04 0.04 0.04 0.04 0.06]
 [0.05 0.04 0.59 0.05 0.05 0.05 0.05 0.04 0.04 0.04]
 [0.04 0.04 0.05 0.57 0.05 0.08 0.05 0.05 0.04 0.04]
 [0.04 0.04 0.05 0.05 0.6  0.05 0.04 0.05 0.04 0.04]
 [0.04 0.04 0.05 0.08 0.05 0.58 0.04 0.05 0.04 0.04]
 [0.04 0.04 0.05 0.06 0.05 0.04 0.61 0.04 0.04 0.04]
 [0.04 0.04 0.04 0.05 0.05 0.05 0.04 0.61 0.04 0.04]
 [0.05 0.04 0.04 0.04 0.04 0.04 0.04 0.04 0.63 0.04]
 [0.05 0.06 0.04 0.04 0.04 0.04 0.04 0.04 0.04 0.62]]
epoch 12
Train Loss: 1.260215, Vol_loss: -5.114090  Acc: 0.678556
Val Loss: 1.311005, Acc: 0.665000
Test Loss: 0.673935, Acc: 0.818600
Estimation Error: 0.37
[[0.62 0.04 0.05 0.04 0.04 0.04 0.04 0.04 0.05 0.04]
 [0.04 0.64 0.04 0.04 0.04 0.04 0.04 0.04 0.04 0.05]
 [0.05 0.04 0.6  0.05 0.05 0.05 0.05 0.04 0.04 0.04]
 [0.04 0.04 0.05 0.58 0.05 0.08 0.05 0.05 0.04 0.04]
 [0.04 0.04 0.05 0.05 0.61 0.05 0.04 0.05 0.04 0.04]
 [0.04 0.04 0.05 0.08 0.04 0.59 0.04 0.05 0.04 0.03]
 [0.04 0.04 0.05 0.06 0.05 0.04 0.62 0.04 0.04 0.04]
 [0.04 0.04 0.04 0.04 0.05 0.05 0.04 0.63 0.04 0.04]
 [0.05 0.04 0.04 0.04 0.04 0.04 0.04 0.03 0.64 0.04]
 [0.04 0.05 0.04 0.04 0.04 0.04 0.04 0.04 0.04 0.64]]
epoch 13
Train Loss: 1.237758, Vol_loss: -4.928026  Acc: 0.687556
Val Loss: 1.300978, Acc: 0.667400
Test Loss: 0.673956, Acc: 0.817500
Estimation Error: 0.35
[[0.63 0.04 0.05 0.04 0.04 0.04 0.04 0.04 0.05 0.04]
 [0.04 0.65 0.04 0.03 0.03 0.04 0.04 0.03 0.04 0.05]
 [0.04 0.04 0.61 0.05 0.05 0.05 0.05 0.04 0.04 0.04]
 [0.04 0.03 0.05 0.59 0.04 0.08 0.05 0.05 0.04 0.04]
 [0.04 0.04 0.05 0.05 0.62 0.05 0.04 0.05 0.04 0.03]
 [0.03 0.04 0.05 0.08 0.04 0.6  0.04 0.05 0.04 0.03]
 [0.04 0.04 0.05 0.05 0.04 0.04 0.63 0.04 0.03 0.04]
 [0.04 0.04 0.04 0.04 0.05 0.05 0.04 0.64 0.04 0.03]
 [0.05 0.04 0.04 0.04 0.04 0.04 0.04 0.03 0.65 0.04]
 [0.04 0.05 0.04 0.04 0.04 0.04 0.03 0.04 0.04 0.65]]
epoch 14
Train Loss: 1.221457, Vol_loss: -4.751013  Acc: 0.692089
Val Loss: 1.281500, Acc: 0.674200
Test Loss: 0.700927, Acc: 0.819900
Estimation Error: 0.33
[[0.64 0.03 0.05 0.04 0.04 0.04 0.04 0.04 0.05 0.04]
 [0.04 0.66 0.03 0.03 0.03 0.04 0.04 0.03 0.04 0.05]
 [0.04 0.04 0.62 0.05 0.05 0.05 0.05 0.04 0.04 0.04]
 [0.04 0.03 0.05 0.6  0.04 0.08 0.05 0.05 0.04 0.04]
 [0.04 0.03 0.05 0.05 0.63 0.05 0.04 0.04 0.03 0.03]
 [0.03 0.03 0.05 0.08 0.04 0.61 0.04 0.05 0.03 0.03]
 [0.04 0.04 0.05 0.05 0.04 0.04 0.64 0.04 0.03 0.03]
 [0.04 0.03 0.04 0.04 0.05 0.05 0.04 0.65 0.04 0.03]
 [0.05 0.04 0.04 0.04 0.03 0.04 0.04 0.03 0.66 0.04]
 [0.04 0.05 0.04 0.04 0.03 0.04 0.03 0.04 0.04 0.66]]
epoch 15
Train Loss: 1.204501, Vol_loss: -4.586135  Acc: 0.698867
Val Loss: 1.258154, Acc: 0.684200
Test Loss: 0.610524, Acc: 0.841900
Estimation Error: 0.31
[[0.65 0.03 0.05 0.04 0.04 0.04 0.04 0.04 0.05 0.04]
 [0.04 0.67 0.03 0.03 0.03 0.04 0.04 0.03 0.04 0.05]
 [0.04 0.03 0.63 0.05 0.05 0.04 0.05 0.04 0.04 0.03]
 [0.04 0.03 0.04 0.61 0.04 0.08 0.05 0.04 0.03 0.04]
 [0.04 0.03 0.05 0.05 0.64 0.05 0.04 0.04 0.03 0.03]
 [0.03 0.03 0.04 0.08 0.04 0.62 0.04 0.04 0.03 0.03]
 [0.04 0.04 0.05 0.05 0.04 0.04 0.65 0.03 0.03 0.03]
 [0.04 0.03 0.04 0.04 0.05 0.04 0.03 0.66 0.03 0.03]
 [0.05 0.04 0.03 0.04 0.03 0.04 0.04 0.03 0.67 0.04]
 [0.04 0.05 0.03 0.03 0.03 0.04 0.03 0.04 0.04 0.67]]
epoch 16
Train Loss: 1.186488, Vol_loss: -4.434125  Acc: 0.705222
Val Loss: 1.337057, Acc: 0.650200
Test Loss: 0.815256, Acc: 0.806000
Estimation Error: 0.29
[[0.66 0.03 0.05 0.04 0.03 0.04 0.03 0.03 0.04 0.04]
 [0.04 0.68 0.03 0.03 0.03 0.04 0.03 0.03 0.04 0.05]
 [0.04 0.03 0.64 0.05 0.04 0.04 0.04 0.04 0.03 0.03]
 [0.04 0.03 0.04 0.62 0.04 0.07 0.04 0.04 0.03 0.03]
 [0.04 0.03 0.05 0.05 0.65 0.05 0.04 0.04 0.03 0.03]
 [0.03 0.03 0.04 0.08 0.04 0.63 0.04 0.04 0.03 0.03]
 [0.04 0.03 0.05 0.05 0.04 0.04 0.66 0.03 0.03 0.03]
 [0.04 0.03 0.04 0.04 0.04 0.04 0.03 0.67 0.03 0.03]
 [0.04 0.03 0.03 0.04 0.03 0.03 0.04 0.03 0.68 0.04]
 [0.04 0.05 0.03 0.03 0.03 0.04 0.03 0.03 0.04 0.68]]
epoch 17
Train Loss: 1.175386, Vol_loss: -4.292835  Acc: 0.708489
Val Loss: 1.303315, Acc: 0.662200
Test Loss: 0.735544, Acc: 0.812700
Estimation Error: 0.27
[[0.67 0.03 0.05 0.04 0.03 0.04 0.03 0.03 0.04 0.04]
 [0.03 0.69 0.03 0.03 0.03 0.03 0.03 0.03 0.04 0.05]
 [0.04 0.03 0.65 0.05 0.04 0.04 0.04 0.04 0.03 0.03]
 [0.03 0.03 0.04 0.63 0.04 0.07 0.04 0.04 0.03 0.03]
 [0.04 0.03 0.04 0.05 0.66 0.04 0.04 0.04 0.03 0.03]
 [0.03 0.03 0.04 0.07 0.04 0.64 0.04 0.04 0.03 0.03]
 [0.03 0.03 0.05 0.05 0.04 0.04 0.66 0.03 0.03 0.03]
 [0.03 0.03 0.04 0.04 0.04 0.04 0.03 0.68 0.03 0.03]
 [0.04 0.03 0.03 0.04 0.03 0.03 0.04 0.03 0.69 0.03]
 [0.04 0.05 0.03 0.03 0.03 0.04 0.03 0.03 0.04 0.68]]
epoch 18
Train Loss: 1.159940, Vol_loss: -4.156432  Acc: 0.714422
Val Loss: 1.271248, Acc: 0.670400
Test Loss: 0.645527, Acc: 0.831100
Estimation Error: 0.26
[[0.67 0.03 0.05 0.04 0.03 0.04 0.03 0.03 0.04 0.04]
 [0.03 0.7  0.03 0.03 0.03 0.03 0.03 0.03 0.04 0.04]
 [0.04 0.03 0.66 0.05 0.04 0.04 0.04 0.04 0.03 0.03]
 [0.03 0.03 0.04 0.63 0.04 0.07 0.04 0.04 0.03 0.03]
 [0.03 0.03 0.04 0.04 0.67 0.04 0.04 0.04 0.03 0.03]
 [0.03 0.03 0.04 0.07 0.04 0.65 0.03 0.04 0.03 0.03]
 [0.03 0.03 0.04 0.05 0.04 0.04 0.67 0.03 0.03 0.03]
 [0.03 0.03 0.04 0.04 0.04 0.04 0.03 0.68 0.03 0.03]
 [0.04 0.03 0.03 0.04 0.03 0.03 0.04 0.03 0.69 0.03]
 [0.04 0.04 0.03 0.03 0.03 0.03 0.03 0.03 0.04 0.69]]
epoch 19
Train Loss: 1.150363, Vol_loss: -4.032228  Acc: 0.715778
Val Loss: 1.210302, Acc: 0.699800
Test Loss: 0.535443, Acc: 0.856700
Estimation Error: 0.24
[[0.68 0.03 0.04 0.03 0.03 0.03 0.03 0.03 0.04 0.04]
 [0.03 0.7  0.03 0.03 0.03 0.03 0.03 0.03 0.04 0.04]
 [0.04 0.03 0.66 0.04 0.04 0.04 0.04 0.03 0.03 0.03]
 [0.03 0.03 0.04 0.64 0.04 0.07 0.04 0.04 0.03 0.03]
 [0.03 0.03 0.04 0.04 0.68 0.04 0.03 0.04 0.03 0.03]
 [0.03 0.03 0.04 0.07 0.04 0.66 0.03 0.04 0.03 0.03]
 [0.03 0.03 0.04 0.05 0.04 0.03 0.68 0.03 0.03 0.03]
 [0.03 0.03 0.04 0.04 0.04 0.04 0.03 0.69 0.03 0.03]
 [0.04 0.03 0.03 0.03 0.03 0.03 0.04 0.03 0.7  0.03]
 [0.04 0.04 0.03 0.03 0.03 0.03 0.03 0.03 0.03 0.7 ]]
epoch 20
Train Loss: 1.135544, Vol_loss: -3.914678  Acc: 0.721578
Val Loss: 1.304240, Acc: 0.665800
Test Loss: 0.736199, Acc: 0.815400
Estimation Error: 0.23
[[0.69 0.03 0.04 0.03 0.03 0.03 0.03 0.03 0.04 0.04]
 [0.03 0.71 0.03 0.03 0.03 0.03 0.03 0.03 0.03 0.04]
 [0.04 0.03 0.67 0.04 0.04 0.04 0.04 0.03 0.03 0.03]
 [0.03 0.03 0.04 0.65 0.04 0.07 0.04 0.04 0.03 0.03]
 [0.03 0.03 0.04 0.04 0.68 0.04 0.03 0.04 0.03 0.03]
 [0.03 0.03 0.04 0.07 0.04 0.66 0.03 0.04 0.03 0.03]
 [0.03 0.03 0.04 0.04 0.04 0.03 0.69 0.03 0.03 0.03]
 [0.03 0.03 0.03 0.04 0.04 0.04 0.03 0.7  0.03 0.03]
 [0.04 0.03 0.03 0.03 0.03 0.03 0.03 0.03 0.71 0.03]
 [0.04 0.04 0.03 0.03 0.03 0.03 0.03 0.03 0.03 0.71]]
epoch 21
Train Loss: 1.127090, Vol_loss: -3.805198  Acc: 0.724333
Val Loss: 1.216103, Acc: 0.694800
Test Loss: 0.558902, Acc: 0.847600
Estimation Error: 0.21
[[0.7  0.03 0.04 0.03 0.03 0.03 0.03 0.03 0.04 0.03]
 [0.03 0.72 0.03 0.03 0.03 0.03 0.03 0.03 0.03 0.04]
 [0.04 0.03 0.68 0.04 0.04 0.04 0.04 0.03 0.03 0.03]
 [0.03 0.03 0.04 0.66 0.04 0.06 0.04 0.04 0.03 0.03]
 [0.03 0.03 0.04 0.04 0.69 0.04 0.03 0.03 0.03 0.03]
 [0.03 0.03 0.04 0.07 0.04 0.67 0.03 0.04 0.03 0.03]
 [0.03 0.03 0.04 0.04 0.04 0.03 0.69 0.03 0.03 0.03]
 [0.03 0.03 0.03 0.03 0.04 0.04 0.03 0.71 0.03 0.03]
 [0.04 0.03 0.03 0.03 0.03 0.03 0.03 0.03 0.72 0.03]
 [0.03 0.04 0.03 0.03 0.03 0.03 0.03 0.03 0.03 0.71]]
epoch 22
Train Loss: 1.112652, Vol_loss: -3.702902  Acc: 0.730044
Val Loss: 1.216051, Acc: 0.694200
Test Loss: 0.570434, Acc: 0.856800
Estimation Error: 0.20
[[0.7  0.03 0.04 0.03 0.03 0.03 0.03 0.03 0.04 0.03]
 [0.03 0.72 0.03 0.03 0.03 0.03 0.03 0.03 0.03 0.04]
 [0.03 0.03 0.69 0.04 0.04 0.04 0.04 0.03 0.03 0.03]
 [0.03 0.03 0.04 0.67 0.04 0.06 0.04 0.04 0.03 0.03]
 [0.03 0.03 0.04 0.04 0.7  0.04 0.03 0.03 0.03 0.03]
 [0.03 0.03 0.04 0.06 0.04 0.68 0.03 0.04 0.03 0.03]
 [0.03 0.03 0.04 0.04 0.03 0.03 0.7  0.03 0.03 0.03]
 [0.03 0.03 0.03 0.03 0.04 0.04 0.03 0.71 0.03 0.03]
 [0.04 0.03 0.03 0.03 0.03 0.03 0.03 0.03 0.72 0.03]
 [0.03 0.04 0.03 0.03 0.03 0.03 0.03 0.03 0.03 0.72]]
epoch 23
Train Loss: 1.104032, Vol_loss: -3.606527  Acc: 0.731289
Val Loss: 1.224329, Acc: 0.687600
Test Loss: 0.546844, Acc: 0.852700
Estimation Error: 0.19
[[0.71 0.03 0.04 0.03 0.03 0.03 0.03 0.03 0.04 0.03]
 [0.03 0.73 0.03 0.03 0.03 0.03 0.03 0.03 0.03 0.04]
 [0.03 0.03 0.69 0.04 0.04 0.04 0.04 0.03 0.03 0.03]
 [0.03 0.03 0.04 0.67 0.04 0.06 0.04 0.04 0.03 0.03]
 [0.03 0.03 0.04 0.04 0.71 0.04 0.03 0.03 0.03 0.03]
 [0.03 0.03 0.04 0.06 0.03 0.68 0.03 0.04 0.03 0.03]
 [0.03 0.03 0.04 0.04 0.03 0.03 0.71 0.03 0.03 0.03]
 [0.03 0.03 0.03 0.03 0.04 0.03 0.03 0.72 0.03 0.03]
 [0.04 0.03 0.03 0.03 0.03 0.03 0.03 0.03 0.73 0.03]
 [0.03 0.04 0.03 0.03 0.03 0.03 0.03 0.03 0.03 0.72]]
epoch 24
Train Loss: 1.095739, Vol_loss: -3.517635  Acc: 0.734867
Val Loss: 1.197147, Acc: 0.696600
Test Loss: 0.511477, Acc: 0.862400
Estimation Error: 0.18
[[0.71 0.03 0.04 0.03 0.03 0.03 0.03 0.03 0.03 0.03]
 [0.03 0.73 0.03 0.03 0.03 0.03 0.03 0.03 0.03 0.04]
 [0.03 0.03 0.7  0.04 0.04 0.04 0.04 0.03 0.03 0.03]
 [0.03 0.03 0.04 0.68 0.03 0.06 0.04 0.04 0.03 0.03]
 [0.03 0.03 0.04 0.04 0.71 0.04 0.03 0.03 0.03 0.03]
 [0.03 0.03 0.04 0.06 0.03 0.69 0.03 0.04 0.03 0.03]
 [0.03 0.03 0.04 0.04 0.03 0.03 0.71 0.03 0.03 0.03]
 [0.03 0.03 0.03 0.03 0.03 0.03 0.03 0.72 0.03 0.03]
 [0.03 0.03 0.03 0.03 0.03 0.03 0.03 0.03 0.73 0.03]
 [0.03 0.04 0.03 0.03 0.03 0.03 0.03 0.03 0.03 0.73]]
epoch 25
Train Loss: 1.084283, Vol_loss: -3.432096  Acc: 0.737289
Val Loss: 1.229157, Acc: 0.684600
Test Loss: 0.604143, Acc: 0.846200
Estimation Error: 0.16
[[0.72 0.03 0.04 0.03 0.03 0.03 0.03 0.03 0.03 0.03]
 [0.03 0.74 0.03 0.03 0.03 0.03 0.03 0.03 0.03 0.04]
 [0.03 0.03 0.71 0.04 0.04 0.03 0.04 0.03 0.03 0.03]
 [0.03 0.03 0.03 0.69 0.03 0.06 0.04 0.04 0.03 0.03]
 [0.03 0.03 0.03 0.04 0.72 0.04 0.03 0.03 0.03 0.03]
 [0.03 0.03 0.03 0.06 0.03 0.7  0.03 0.03 0.03 0.03]
 [0.03 0.03 0.04 0.04 0.03 0.03 0.72 0.03 0.03 0.03]
 [0.03 0.03 0.03 0.03 0.03 0.03 0.03 0.73 0.03 0.03]
 [0.03 0.03 0.03 0.03 0.03 0.03 0.03 0.03 0.74 0.03]
 [0.03 0.04 0.03 0.03 0.03 0.03 0.03 0.03 0.03 0.73]]
epoch 26
Train Loss: 1.072960, Vol_loss: -3.354358  Acc: 0.742200
Val Loss: 1.172993, Acc: 0.708200
Test Loss: 0.519824, Acc: 0.864700
Estimation Error: 0.15
[[0.72 0.03 0.04 0.03 0.03 0.03 0.03 0.03 0.03 0.03]
 [0.03 0.74 0.03 0.03 0.03 0.03 0.03 0.03 0.03 0.04]
 [0.03 0.03 0.71 0.04 0.03 0.03 0.04 0.03 0.03 0.03]
 [0.03 0.03 0.03 0.69 0.03 0.05 0.04 0.04 0.03 0.03]
 [0.03 0.03 0.03 0.04 0.72 0.04 0.03 0.03 0.03 0.03]
 [0.03 0.03 0.03 0.05 0.03 0.7  0.03 0.03 0.03 0.03]
 [0.03 0.03 0.04 0.04 0.03 0.03 0.72 0.03 0.03 0.03]
 [0.03 0.03 0.03 0.03 0.03 0.03 0.03 0.73 0.03 0.03]
 [0.03 0.03 0.03 0.03 0.03 0.03 0.03 0.03 0.74 0.03]
 [0.03 0.04 0.03 0.03 0.03 0.03 0.03 0.03 0.03 0.74]]
epoch 27
Train Loss: 1.069416, Vol_loss: -3.279650  Acc: 0.742778
Val Loss: 1.179076, Acc: 0.701600
Test Loss: 0.537538, Acc: 0.860000
Estimation Error: 0.14
[[0.73 0.03 0.04 0.03 0.03 0.03 0.03 0.03 0.03 0.03]
 [0.03 0.75 0.03 0.03 0.03 0.03 0.03 0.03 0.03 0.03]
 [0.03 0.03 0.72 0.04 0.03 0.03 0.03 0.03 0.03 0.03]
 [0.03 0.03 0.03 0.7  0.03 0.05 0.03 0.03 0.03 0.03]
 [0.03 0.03 0.03 0.04 0.73 0.04 0.03 0.03 0.03 0.03]
 [0.03 0.03 0.03 0.05 0.03 0.71 0.03 0.03 0.03 0.03]
 [0.03 0.03 0.04 0.04 0.03 0.03 0.73 0.03 0.03 0.03]
 [0.03 0.03 0.03 0.03 0.03 0.03 0.03 0.74 0.03 0.03]
 [0.03 0.03 0.03 0.03 0.03 0.03 0.03 0.03 0.75 0.03]
 [0.03 0.03 0.03 0.03 0.03 0.03 0.03 0.03 0.03 0.74]]
epoch 28
Train Loss: 1.062105, Vol_loss: -3.210398  Acc: 0.744667
Val Loss: 1.213192, Acc: 0.692200
Test Loss: 0.625943, Acc: 0.843900
Estimation Error: 0.13
[[0.73 0.02 0.03 0.03 0.03 0.03 0.03 0.03 0.03 0.03]
 [0.03 0.75 0.03 0.03 0.03 0.03 0.03 0.03 0.03 0.03]
 [0.03 0.03 0.72 0.04 0.03 0.03 0.03 0.03 0.03 0.03]
 [0.03 0.03 0.03 0.7  0.03 0.05 0.03 0.03 0.03 0.03]
 [0.03 0.03 0.03 0.04 0.73 0.03 0.03 0.03 0.03 0.03]
 [0.03 0.03 0.03 0.05 0.03 0.72 0.03 0.03 0.03 0.03]
 [0.03 0.03 0.03 0.04 0.03 0.03 0.73 0.03 0.03 0.03]
 [0.03 0.03 0.03 0.03 0.03 0.03 0.03 0.74 0.03 0.02]
 [0.03 0.03 0.03 0.03 0.03 0.03 0.03 0.02 0.75 0.03]
 [0.03 0.03 0.03 0.03 0.03 0.03 0.03 0.03 0.03 0.75]]
epoch 29
Train Loss: 1.053557, Vol_loss: -3.143585  Acc: 0.747044
Val Loss: 1.174573, Acc: 0.706200
Test Loss: 0.532939, Acc: 0.864600
Estimation Error: 0.13
[[0.74 0.02 0.03 0.03 0.03 0.03 0.03 0.03 0.03 0.03]
 [0.03 0.75 0.03 0.02 0.03 0.03 0.03 0.02 0.03 0.03]
 [0.03 0.03 0.73 0.04 0.03 0.03 0.03 0.03 0.03 0.03]
 [0.03 0.03 0.03 0.71 0.03 0.05 0.03 0.03 0.03 0.03]
 [0.03 0.03 0.03 0.03 0.74 0.03 0.03 0.03 0.03 0.03]
 [0.03 0.03 0.03 0.05 0.03 0.72 0.03 0.03 0.03 0.03]
 [0.03 0.03 0.03 0.04 0.03 0.03 0.73 0.03 0.03 0.03]
 [0.03 0.03 0.03 0.03 0.03 0.03 0.03 0.75 0.03 0.02]
 [0.03 0.03 0.03 0.03 0.03 0.03 0.03 0.02 0.75 0.03]
 [0.03 0.03 0.03 0.03 0.03 0.03 0.03 0.03 0.03 0.75]]
epoch 30
Train Loss: 1.045806, Vol_loss: -3.082329  Acc: 0.751600
Val Loss: 1.191240, Acc: 0.700000
Test Loss: 0.531697, Acc: 0.860000
Estimation Error: 0.12
[[0.74 0.02 0.03 0.03 0.03 0.03 0.03 0.03 0.03 0.03]
 [0.03 0.76 0.03 0.02 0.03 0.03 0.03 0.02 0.03 0.03]
 [0.03 0.03 0.73 0.04 0.03 0.03 0.03 0.03 0.03 0.03]
 [0.03 0.03 0.03 0.72 0.03 0.05 0.03 0.03 0.03 0.03]
 [0.03 0.03 0.03 0.03 0.74 0.03 0.03 0.03 0.03 0.02]
 [0.03 0.03 0.03 0.05 0.03 0.73 0.03 0.03 0.03 0.03]
 [0.03 0.03 0.03 0.03 0.03 0.03 0.74 0.03 0.03 0.03]
 [0.03 0.03 0.03 0.03 0.03 0.03 0.03 0.75 0.03 0.02]
 [0.03 0.03 0.03 0.03 0.02 0.03 0.03 0.02 0.76 0.03]
 [0.03 0.03 0.03 0.03 0.03 0.03 0.02 0.03 0.03 0.75]]
epoch 31
Train Loss: 0.996288, Vol_loss: -3.049971  Acc: 0.773733
Val Loss: 1.124936, Acc: 0.728200
Test Loss: 0.397849, Acc: 0.893100
Estimation Error: 0.12
[[0.74 0.02 0.03 0.03 0.03 0.03 0.03 0.03 0.03 0.03]
 [0.03 0.76 0.03 0.02 0.03 0.03 0.03 0.02 0.03 0.03]
 [0.03 0.03 0.73 0.04 0.03 0.03 0.03 0.03 0.03 0.03]
 [0.03 0.03 0.03 0.72 0.03 0.05 0.03 0.03 0.03 0.03]
 [0.03 0.03 0.03 0.03 0.74 0.03 0.03 0.03 0.03 0.02]
 [0.03 0.03 0.03 0.05 0.03 0.73 0.03 0.03 0.03 0.03]
 [0.03 0.03 0.03 0.03 0.03 0.03 0.74 0.03 0.03 0.03]
 [0.03 0.03 0.03 0.03 0.03 0.03 0.03 0.75 0.03 0.02]
 [0.03 0.03 0.03 0.03 0.02 0.03 0.03 0.02 0.76 0.03]
 [0.03 0.03 0.03 0.03 0.03 0.03 0.02 0.03 0.03 0.75]]
epoch 32
Train Loss: 0.981595, Vol_loss: -3.043351  Acc: 0.779933
Val Loss: 1.121188, Acc: 0.729400
Test Loss: 0.402339, Acc: 0.893600
Estimation Error: 0.12
[[0.74 0.02 0.03 0.03 0.03 0.03 0.03 0.03 0.03 0.03]
 [0.03 0.76 0.03 0.02 0.03 0.03 0.03 0.02 0.03 0.03]
 [0.03 0.03 0.73 0.03 0.03 0.03 0.03 0.03 0.03 0.03]
 [0.03 0.03 0.03 0.72 0.03 0.05 0.03 0.03 0.03 0.03]
 [0.03 0.03 0.03 0.03 0.74 0.03 0.03 0.03 0.03 0.02]
 [0.03 0.03 0.03 0.05 0.03 0.73 0.03 0.03 0.03 0.03]
 [0.03 0.03 0.03 0.03 0.03 0.03 0.74 0.03 0.03 0.03]
 [0.03 0.03 0.03 0.03 0.03 0.03 0.03 0.75 0.03 0.02]
 [0.03 0.03 0.03 0.03 0.02 0.03 0.03 0.02 0.76 0.03]
 [0.03 0.03 0.03 0.03 0.03 0.03 0.02 0.03 0.03 0.75]]
epoch 33
Train Loss: 0.973854, Vol_loss: -3.036424  Acc: 0.782733
Val Loss: 1.119393, Acc: 0.730800
Test Loss: 0.400012, Acc: 0.892500
Estimation Error: 0.11
[[0.74 0.02 0.03 0.03 0.03 0.03 0.03 0.03 0.03 0.03]
 [0.03 0.76 0.03 0.02 0.03 0.03 0.03 0.02 0.03 0.03]
 [0.03 0.03 0.73 0.03 0.03 0.03 0.03 0.03 0.03 0.03]
 [0.03 0.03 0.03 0.72 0.03 0.05 0.03 0.03 0.03 0.03]
 [0.03 0.03 0.03 0.03 0.74 0.03 0.03 0.03 0.03 0.02]
 [0.03 0.03 0.03 0.05 0.03 0.73 0.03 0.03 0.03 0.03]
 [0.03 0.03 0.03 0.03 0.03 0.03 0.74 0.03 0.03 0.03]
 [0.03 0.03 0.03 0.03 0.03 0.03 0.03 0.75 0.03 0.02]
 [0.03 0.03 0.03 0.03 0.02 0.03 0.03 0.02 0.76 0.03]
 [0.03 0.03 0.03 0.03 0.03 0.03 0.02 0.03 0.03 0.75]]
epoch 34
Train Loss: 0.966801, Vol_loss: -3.029424  Acc: 0.785200
Val Loss: 1.121339, Acc: 0.728400
Test Loss: 0.404651, Acc: 0.893000
Estimation Error: 0.11
[[0.74 0.02 0.03 0.03 0.03 0.03 0.03 0.03 0.03 0.03]
 [0.03 0.76 0.03 0.02 0.03 0.03 0.03 0.02 0.03 0.03]
 [0.03 0.03 0.73 0.03 0.03 0.03 0.03 0.03 0.03 0.03]
 [0.03 0.03 0.03 0.72 0.03 0.05 0.03 0.03 0.03 0.03]
 [0.03 0.03 0.03 0.03 0.75 0.03 0.03 0.03 0.03 0.02]
 [0.03 0.03 0.03 0.05 0.03 0.73 0.03 0.03 0.03 0.03]
 [0.03 0.03 0.03 0.03 0.03 0.03 0.74 0.03 0.03 0.03]
 [0.03 0.03 0.03 0.03 0.03 0.03 0.03 0.75 0.03 0.02]
 [0.03 0.03 0.03 0.03 0.02 0.03 0.03 0.02 0.76 0.03]
 [0.03 0.03 0.03 0.03 0.03 0.03 0.02 0.03 0.03 0.75]]
epoch 35
Train Loss: 0.965419, Vol_loss: -3.022473  Acc: 0.786333
Val Loss: 1.124370, Acc: 0.727000
Test Loss: 0.405628, Acc: 0.893300
Estimation Error: 0.11
[[0.74 0.02 0.03 0.03 0.03 0.03 0.03 0.03 0.03 0.03]
 [0.03 0.76 0.03 0.02 0.03 0.03 0.03 0.02 0.03 0.03]
 [0.03 0.03 0.74 0.03 0.03 0.03 0.03 0.03 0.03 0.03]
 [0.03 0.03 0.03 0.72 0.03 0.05 0.03 0.03 0.03 0.03]
 [0.03 0.03 0.03 0.03 0.75 0.03 0.03 0.03 0.03 0.02]
 [0.02 0.03 0.03 0.05 0.03 0.73 0.03 0.03 0.03 0.03]
 [0.03 0.03 0.03 0.03 0.03 0.03 0.74 0.03 0.03 0.03]
 [0.03 0.03 0.03 0.03 0.03 0.03 0.03 0.75 0.03 0.02]
 [0.03 0.03 0.03 0.03 0.02 0.03 0.03 0.02 0.76 0.03]
 [0.03 0.03 0.03 0.03 0.03 0.03 0.02 0.03 0.03 0.76]]
epoch 36
Train Loss: 0.960150, Vol_loss: -3.015450  Acc: 0.788422
Val Loss: 1.120669, Acc: 0.727200
Test Loss: 0.410185, Acc: 0.893300
Estimation Error: 0.11
[[0.74 0.02 0.03 0.03 0.03 0.03 0.03 0.03 0.03 0.03]
 [0.03 0.76 0.03 0.02 0.03 0.03 0.03 0.02 0.03 0.03]
 [0.03 0.03 0.74 0.03 0.03 0.03 0.03 0.03 0.03 0.03]
 [0.03 0.03 0.03 0.72 0.03 0.05 0.03 0.03 0.03 0.03]
 [0.03 0.03 0.03 0.03 0.75 0.03 0.03 0.03 0.03 0.02]
 [0.02 0.03 0.03 0.05 0.03 0.73 0.03 0.03 0.03 0.03]
 [0.03 0.03 0.03 0.03 0.03 0.03 0.74 0.03 0.03 0.03]
 [0.03 0.03 0.03 0.03 0.03 0.03 0.03 0.75 0.03 0.02]
 [0.03 0.03 0.03 0.03 0.02 0.03 0.03 0.02 0.76 0.03]
 [0.03 0.03 0.03 0.02 0.03 0.03 0.02 0.03 0.03 0.76]]
epoch 37
Train Loss: 0.958406, Vol_loss: -3.008419  Acc: 0.788622
Val Loss: 1.119858, Acc: 0.730600
Test Loss: 0.413305, Acc: 0.891300
Estimation Error: 0.11
[[0.75 0.02 0.03 0.03 0.03 0.03 0.03 0.03 0.03 0.03]
 [0.03 0.76 0.03 0.02 0.03 0.03 0.03 0.02 0.03 0.03]
 [0.03 0.03 0.74 0.03 0.03 0.03 0.03 0.03 0.03 0.03]
 [0.03 0.03 0.03 0.72 0.03 0.05 0.03 0.03 0.03 0.03]
 [0.03 0.03 0.03 0.03 0.75 0.03 0.03 0.03 0.03 0.02]
 [0.02 0.03 0.03 0.05 0.03 0.73 0.03 0.03 0.03 0.03]
 [0.03 0.03 0.03 0.03 0.03 0.03 0.74 0.03 0.03 0.03]
 [0.03 0.03 0.03 0.03 0.03 0.03 0.03 0.76 0.03 0.02]
 [0.03 0.03 0.03 0.03 0.02 0.03 0.03 0.02 0.76 0.03]
 [0.03 0.03 0.03 0.02 0.03 0.03 0.02 0.03 0.03 0.76]]
epoch 38
Train Loss: 0.953827, Vol_loss: -3.001577  Acc: 0.790778
Val Loss: 1.124314, Acc: 0.728000
Test Loss: 0.417478, Acc: 0.889800
Estimation Error: 0.11
[[0.75 0.02 0.03 0.03 0.03 0.03 0.03 0.03 0.03 0.03]
 [0.03 0.76 0.03 0.02 0.03 0.03 0.03 0.02 0.03 0.03]
 [0.03 0.03 0.74 0.03 0.03 0.03 0.03 0.03 0.03 0.03]
 [0.03 0.03 0.03 0.72 0.03 0.05 0.03 0.03 0.03 0.03]
 [0.03 0.03 0.03 0.03 0.75 0.03 0.03 0.03 0.03 0.02]
 [0.02 0.03 0.03 0.05 0.03 0.73 0.03 0.03 0.03 0.03]
 [0.03 0.03 0.03 0.03 0.03 0.03 0.74 0.03 0.03 0.03]
 [0.03 0.03 0.03 0.03 0.03 0.03 0.03 0.76 0.03 0.02]
 [0.03 0.03 0.03 0.03 0.02 0.03 0.03 0.02 0.76 0.03]
 [0.03 0.03 0.03 0.02 0.03 0.03 0.02 0.03 0.03 0.76]]
epoch 39
Train Loss: 0.954368, Vol_loss: -2.994753  Acc: 0.790756
Val Loss: 1.122408, Acc: 0.726800
Test Loss: 0.432899, Acc: 0.889700
Estimation Error: 0.11
[[0.75 0.02 0.03 0.03 0.03 0.03 0.03 0.03 0.03 0.03]
 [0.03 0.76 0.03 0.02 0.03 0.03 0.03 0.02 0.03 0.03]
 [0.03 0.03 0.74 0.03 0.03 0.03 0.03 0.03 0.03 0.03]
 [0.03 0.03 0.03 0.72 0.03 0.05 0.03 0.03 0.03 0.03]
 [0.03 0.03 0.03 0.03 0.75 0.03 0.03 0.03 0.03 0.02]
 [0.02 0.03 0.03 0.05 0.03 0.73 0.03 0.03 0.03 0.03]
 [0.03 0.03 0.03 0.03 0.03 0.03 0.74 0.03 0.03 0.03]
 [0.03 0.03 0.03 0.03 0.03 0.03 0.03 0.76 0.03 0.02]
 [0.03 0.03 0.03 0.03 0.02 0.03 0.03 0.02 0.76 0.03]
 [0.03 0.03 0.03 0.02 0.03 0.03 0.02 0.03 0.03 0.76]]
epoch 40
Train Loss: 0.949743, Vol_loss: -2.987893  Acc: 0.792067
Val Loss: 1.122090, Acc: 0.729000
Test Loss: 0.428833, Acc: 0.889600
Estimation Error: 0.11
[[0.75 0.02 0.03 0.03 0.03 0.03 0.03 0.03 0.03 0.03]
 [0.03 0.76 0.03 0.02 0.03 0.03 0.03 0.02 0.03 0.03]
 [0.03 0.03 0.74 0.03 0.03 0.03 0.03 0.03 0.03 0.03]
 [0.03 0.03 0.03 0.72 0.03 0.04 0.03 0.03 0.03 0.03]
 [0.03 0.03 0.03 0.03 0.75 0.03 0.03 0.03 0.03 0.02]
 [0.02 0.03 0.03 0.05 0.03 0.73 0.03 0.03 0.03 0.03]
 [0.03 0.03 0.03 0.03 0.03 0.03 0.74 0.03 0.03 0.03]
 [0.03 0.03 0.03 0.03 0.03 0.03 0.03 0.76 0.03 0.02]
 [0.03 0.03 0.03 0.03 0.02 0.03 0.03 0.02 0.76 0.03]
 [0.03 0.03 0.03 0.02 0.03 0.03 0.02 0.03 0.03 0.76]]
epoch 41
Train Loss: 0.945256, Vol_loss: -2.980833  Acc: 0.793444
Val Loss: 1.121984, Acc: 0.728200
Test Loss: 0.437215, Acc: 0.888700
Estimation Error: 0.11
[[0.75 0.02 0.03 0.03 0.03 0.03 0.03 0.03 0.03 0.03]
 [0.03 0.76 0.03 0.02 0.03 0.03 0.03 0.02 0.03 0.03]
 [0.03 0.03 0.74 0.03 0.03 0.03 0.03 0.03 0.03 0.03]
 [0.03 0.03 0.03 0.72 0.03 0.04 0.03 0.03 0.03 0.03]
 [0.03 0.03 0.03 0.03 0.75 0.03 0.03 0.03 0.03 0.02]
 [0.02 0.03 0.03 0.04 0.03 0.73 0.03 0.03 0.03 0.03]
 [0.03 0.03 0.03 0.03 0.03 0.03 0.74 0.03 0.03 0.03]
 [0.03 0.03 0.03 0.03 0.03 0.03 0.03 0.76 0.03 0.02]
 [0.03 0.03 0.03 0.03 0.02 0.03 0.03 0.02 0.76 0.03]
 [0.03 0.03 0.03 0.02 0.02 0.03 0.02 0.03 0.03 0.76]]
epoch 42
Train Loss: 0.944387, Vol_loss: -2.974019  Acc: 0.794289
Val Loss: 1.123191, Acc: 0.726800
Test Loss: 0.438083, Acc: 0.887800
Estimation Error: 0.11
[[0.75 0.02 0.03 0.03 0.02 0.03 0.03 0.03 0.03 0.03]
 [0.03 0.76 0.03 0.02 0.03 0.03 0.03 0.02 0.03 0.03]
 [0.03 0.03 0.74 0.03 0.03 0.03 0.03 0.03 0.03 0.03]
 [0.03 0.03 0.03 0.72 0.03 0.04 0.03 0.03 0.03 0.03]
 [0.03 0.03 0.03 0.03 0.75 0.03 0.03 0.03 0.03 0.02]
 [0.02 0.03 0.03 0.04 0.03 0.73 0.03 0.03 0.03 0.03]
 [0.03 0.03 0.03 0.03 0.03 0.03 0.74 0.03 0.03 0.03]
 [0.03 0.03 0.03 0.03 0.03 0.03 0.03 0.76 0.03 0.02]
 [0.03 0.03 0.03 0.03 0.02 0.03 0.03 0.02 0.76 0.03]
 [0.03 0.03 0.03 0.02 0.02 0.03 0.02 0.03 0.03 0.76]]
epoch 43
Train Loss: 0.940429, Vol_loss: -2.967064  Acc: 0.795467
Val Loss: 1.122372, Acc: 0.727400
Test Loss: 0.450072, Acc: 0.886100
Estimation Error: 0.10
[[0.75 0.02 0.03 0.03 0.02 0.03 0.03 0.03 0.03 0.03]
 [0.03 0.76 0.03 0.02 0.03 0.03 0.03 0.02 0.03 0.03]
 [0.03 0.03 0.74 0.03 0.03 0.03 0.03 0.03 0.03 0.03]
 [0.03 0.03 0.03 0.72 0.03 0.04 0.03 0.03 0.03 0.03]
 [0.03 0.03 0.03 0.03 0.75 0.03 0.03 0.03 0.03 0.02]
 [0.02 0.03 0.03 0.04 0.03 0.73 0.03 0.03 0.03 0.03]
 [0.03 0.03 0.03 0.03 0.03 0.03 0.74 0.03 0.03 0.03]
 [0.03 0.03 0.03 0.03 0.03 0.03 0.03 0.76 0.03 0.02]
 [0.03 0.02 0.03 0.03 0.02 0.03 0.03 0.02 0.76 0.03]
 [0.03 0.03 0.03 0.02 0.02 0.03 0.02 0.03 0.03 0.76]]
epoch 44
Train Loss: 0.938561, Vol_loss: -2.960143  Acc: 0.795867
Val Loss: 1.129123, Acc: 0.725000
Test Loss: 0.449377, Acc: 0.886500
Estimation Error: 0.10
[[0.75 0.02 0.03 0.03 0.02 0.03 0.03 0.03 0.03 0.03]
 [0.03 0.76 0.03 0.02 0.03 0.03 0.03 0.02 0.03 0.03]
 [0.03 0.03 0.74 0.03 0.03 0.03 0.03 0.03 0.03 0.03]
 [0.03 0.03 0.03 0.73 0.03 0.04 0.03 0.03 0.03 0.03]
 [0.03 0.03 0.03 0.03 0.75 0.03 0.03 0.03 0.03 0.02]
 [0.02 0.03 0.03 0.04 0.03 0.73 0.03 0.03 0.03 0.03]
 [0.03 0.03 0.03 0.03 0.03 0.03 0.74 0.03 0.03 0.03]
 [0.03 0.03 0.03 0.03 0.03 0.03 0.03 0.76 0.03 0.02]
 [0.03 0.02 0.03 0.03 0.02 0.03 0.03 0.02 0.76 0.03]
 [0.03 0.03 0.03 0.02 0.02 0.03 0.02 0.03 0.03 0.76]]
epoch 45
Train Loss: 0.935483, Vol_loss: -2.953451  Acc: 0.796400
Val Loss: 1.125828, Acc: 0.728400
Test Loss: 0.456571, Acc: 0.887300
Estimation Error: 0.10
[[0.75 0.02 0.03 0.03 0.02 0.03 0.03 0.03 0.03 0.03]
 [0.03 0.76 0.03 0.02 0.02 0.03 0.03 0.02 0.03 0.03]
 [0.03 0.03 0.74 0.03 0.03 0.03 0.03 0.03 0.03 0.03]
 [0.03 0.03 0.03 0.73 0.03 0.04 0.03 0.03 0.03 0.03]
 [0.03 0.03 0.03 0.03 0.75 0.03 0.03 0.03 0.03 0.02]
 [0.02 0.03 0.03 0.04 0.03 0.73 0.03 0.03 0.03 0.03]
 [0.03 0.03 0.03 0.03 0.03 0.03 0.75 0.03 0.03 0.03]
 [0.03 0.03 0.03 0.03 0.03 0.03 0.03 0.76 0.03 0.02]
 [0.03 0.02 0.03 0.03 0.02 0.03 0.03 0.02 0.76 0.03]
 [0.03 0.03 0.03 0.02 0.02 0.03 0.02 0.03 0.03 0.76]]
epoch 46
Train Loss: 0.931892, Vol_loss: -2.946511  Acc: 0.798800
Val Loss: 1.128495, Acc: 0.726800
Test Loss: 0.452666, Acc: 0.885500
Estimation Error: 0.10
[[0.75 0.02 0.03 0.03 0.02 0.03 0.03 0.03 0.03 0.03]
 [0.03 0.76 0.03 0.02 0.02 0.03 0.03 0.02 0.03 0.03]
 [0.03 0.03 0.74 0.03 0.03 0.03 0.03 0.03 0.03 0.03]
 [0.03 0.03 0.03 0.73 0.03 0.04 0.03 0.03 0.03 0.03]
 [0.03 0.03 0.03 0.03 0.75 0.03 0.03 0.03 0.03 0.02]
 [0.02 0.03 0.03 0.04 0.03 0.74 0.03 0.03 0.03 0.03]
 [0.03 0.03 0.03 0.03 0.03 0.03 0.75 0.03 0.03 0.03]
 [0.03 0.03 0.03 0.03 0.03 0.03 0.03 0.76 0.03 0.02]
 [0.03 0.02 0.03 0.03 0.02 0.03 0.03 0.02 0.76 0.03]
 [0.03 0.03 0.03 0.02 0.02 0.03 0.02 0.03 0.03 0.76]]
epoch 47
Train Loss: 0.931140, Vol_loss: -2.939653  Acc: 0.798578
Val Loss: 1.129352, Acc: 0.726400
Test Loss: 0.460016, Acc: 0.886100
Estimation Error: 0.10
[[0.75 0.02 0.03 0.03 0.02 0.03 0.03 0.03 0.03 0.03]
 [0.03 0.76 0.03 0.02 0.02 0.03 0.03 0.02 0.03 0.03]
 [0.03 0.03 0.74 0.03 0.03 0.03 0.03 0.03 0.03 0.03]
 [0.03 0.03 0.03 0.73 0.03 0.04 0.03 0.03 0.03 0.03]
 [0.03 0.03 0.03 0.03 0.75 0.03 0.03 0.03 0.03 0.02]
 [0.02 0.03 0.03 0.04 0.03 0.74 0.03 0.03 0.03 0.03]
 [0.03 0.03 0.03 0.03 0.03 0.03 0.75 0.03 0.03 0.03]
 [0.03 0.03 0.03 0.03 0.03 0.03 0.03 0.76 0.03 0.02]
 [0.03 0.02 0.03 0.03 0.02 0.03 0.03 0.02 0.76 0.03]
 [0.03 0.03 0.03 0.02 0.02 0.03 0.02 0.03 0.03 0.76]]
epoch 48
Train Loss: 0.927782, Vol_loss: -2.932924  Acc: 0.799911
Val Loss: 1.127891, Acc: 0.728600
Test Loss: 0.464496, Acc: 0.886600
Estimation Error: 0.10
[[0.75 0.02 0.03 0.03 0.02 0.03 0.03 0.03 0.03 0.03]
 [0.03 0.76 0.03 0.02 0.02 0.03 0.03 0.02 0.03 0.03]
 [0.03 0.03 0.74 0.03 0.03 0.03 0.03 0.03 0.03 0.03]
 [0.03 0.03 0.03 0.73 0.03 0.04 0.03 0.03 0.03 0.03]
 [0.03 0.03 0.03 0.03 0.75 0.03 0.03 0.03 0.03 0.02]
 [0.02 0.03 0.03 0.04 0.03 0.74 0.03 0.03 0.03 0.03]
 [0.03 0.03 0.03 0.03 0.03 0.03 0.75 0.03 0.03 0.03]
 [0.03 0.03 0.03 0.03 0.03 0.03 0.03 0.76 0.03 0.02]
 [0.03 0.02 0.02 0.03 0.02 0.03 0.03 0.02 0.76 0.03]
 [0.03 0.03 0.03 0.02 0.02 0.03 0.02 0.03 0.03 0.76]]
epoch 49
Train Loss: 0.924494, Vol_loss: -2.926162  Acc: 0.800889
Val Loss: 1.136381, Acc: 0.722600
Test Loss: 0.475898, Acc: 0.883100
Estimation Error: 0.10
[[0.75 0.02 0.03 0.03 0.02 0.03 0.03 0.03 0.03 0.03]
 [0.03 0.76 0.03 0.02 0.02 0.03 0.03 0.02 0.03 0.03]
 [0.03 0.03 0.74 0.03 0.03 0.03 0.03 0.03 0.03 0.03]
 [0.03 0.03 0.03 0.73 0.03 0.04 0.03 0.03 0.03 0.03]
 [0.03 0.03 0.03 0.03 0.75 0.03 0.03 0.03 0.03 0.02]
 [0.02 0.03 0.03 0.04 0.03 0.74 0.03 0.03 0.03 0.02]
 [0.03 0.03 0.03 0.03 0.03 0.03 0.75 0.03 0.03 0.03]
 [0.03 0.03 0.03 0.03 0.03 0.03 0.03 0.76 0.03 0.02]
 [0.03 0.02 0.02 0.03 0.02 0.03 0.03 0.02 0.76 0.03]
 [0.03 0.03 0.03 0.02 0.02 0.03 0.02 0.03 0.03 0.76]]
epoch 50
Train Loss: 0.923131, Vol_loss: -2.919290  Acc: 0.801911
Val Loss: 1.132743, Acc: 0.725400
Test Loss: 0.476547, Acc: 0.883600
Estimation Error: 0.10
[[0.75 0.02 0.03 0.03 0.02 0.03 0.03 0.03 0.03 0.03]
 [0.03 0.76 0.03 0.02 0.02 0.03 0.03 0.02 0.03 0.03]
 [0.03 0.03 0.74 0.03 0.03 0.03 0.03 0.03 0.03 0.03]
 [0.03 0.03 0.03 0.73 0.03 0.04 0.03 0.03 0.03 0.03]
 [0.03 0.03 0.03 0.03 0.75 0.03 0.03 0.03 0.03 0.02]
 [0.02 0.03 0.03 0.04 0.03 0.74 0.03 0.03 0.03 0.02]
 [0.03 0.03 0.03 0.03 0.03 0.03 0.75 0.03 0.03 0.03]
 [0.03 0.03 0.03 0.03 0.03 0.03 0.03 0.76 0.03 0.02]
 [0.03 0.02 0.02 0.03 0.02 0.03 0.03 0.02 0.77 0.03]
 [0.03 0.03 0.03 0.02 0.02 0.03 0.02 0.03 0.03 0.76]]
epoch 51
Train Loss: 0.922784, Vol_loss: -2.912535  Acc: 0.801800
Val Loss: 1.136606, Acc: 0.722400
Test Loss: 0.471642, Acc: 0.884500
Estimation Error: 0.10
[[0.75 0.02 0.03 0.03 0.02 0.03 0.03 0.03 0.03 0.03]
 [0.03 0.76 0.03 0.02 0.02 0.03 0.03 0.02 0.03 0.03]
 [0.03 0.03 0.74 0.03 0.03 0.03 0.03 0.03 0.03 0.03]
 [0.03 0.03 0.03 0.73 0.03 0.04 0.03 0.03 0.03 0.03]
 [0.03 0.03 0.03 0.03 0.75 0.03 0.03 0.03 0.03 0.02]
 [0.02 0.03 0.03 0.04 0.03 0.74 0.03 0.03 0.03 0.02]
 [0.03 0.03 0.03 0.03 0.03 0.03 0.75 0.03 0.03 0.03]
 [0.03 0.03 0.03 0.03 0.03 0.03 0.03 0.76 0.03 0.02]
 [0.03 0.02 0.02 0.03 0.02 0.03 0.03 0.02 0.77 0.03]
 [0.03 0.03 0.03 0.02 0.02 0.03 0.02 0.03 0.03 0.76]]
epoch 52
Train Loss: 0.919110, Vol_loss: -2.905654  Acc: 0.802978
Val Loss: 1.138647, Acc: 0.722600
Test Loss: 0.481071, Acc: 0.883200
Estimation Error: 0.10
[[0.75 0.02 0.03 0.03 0.02 0.03 0.03 0.03 0.03 0.03]
 [0.03 0.76 0.03 0.02 0.02 0.03 0.03 0.02 0.03 0.03]
 [0.03 0.03 0.74 0.03 0.03 0.03 0.03 0.03 0.03 0.03]
 [0.03 0.03 0.03 0.73 0.03 0.04 0.03 0.03 0.03 0.03]
 [0.03 0.03 0.03 0.03 0.75 0.03 0.03 0.03 0.03 0.02]
 [0.02 0.03 0.03 0.04 0.03 0.74 0.03 0.03 0.03 0.02]
 [0.03 0.03 0.03 0.03 0.03 0.03 0.75 0.03 0.03 0.03]
 [0.03 0.03 0.03 0.03 0.03 0.03 0.03 0.76 0.03 0.02]
 [0.03 0.02 0.02 0.03 0.02 0.03 0.03 0.02 0.77 0.03]
 [0.03 0.03 0.03 0.02 0.02 0.03 0.02 0.03 0.03 0.76]]
epoch 53
Train Loss: 0.917661, Vol_loss: -2.899078  Acc: 0.803933
Val Loss: 1.145976, Acc: 0.719800
Test Loss: 0.488517, Acc: 0.886600
Estimation Error: 0.09
[[0.75 0.02 0.03 0.03 0.02 0.03 0.03 0.03 0.03 0.03]
 [0.03 0.76 0.03 0.02 0.02 0.03 0.03 0.02 0.03 0.03]
 [0.03 0.03 0.75 0.03 0.03 0.03 0.03 0.03 0.03 0.03]
 [0.03 0.03 0.03 0.73 0.03 0.04 0.03 0.03 0.03 0.03]
 [0.03 0.03 0.03 0.03 0.76 0.03 0.02 0.03 0.03 0.02]
 [0.02 0.03 0.03 0.04 0.03 0.74 0.03 0.03 0.03 0.02]
 [0.03 0.03 0.03 0.03 0.03 0.03 0.75 0.03 0.03 0.03]
 [0.03 0.03 0.03 0.03 0.03 0.03 0.03 0.76 0.03 0.02]
 [0.03 0.02 0.02 0.03 0.02 0.03 0.03 0.02 0.77 0.02]
 [0.03 0.03 0.03 0.02 0.02 0.03 0.02 0.03 0.03 0.76]]
epoch 54
Train Loss: 0.913727, Vol_loss: -2.892331  Acc: 0.804111
Val Loss: 1.140322, Acc: 0.721400
Test Loss: 0.485727, Acc: 0.884600
Estimation Error: 0.09
[[0.75 0.02 0.03 0.03 0.02 0.03 0.03 0.03 0.03 0.03]
 [0.03 0.76 0.03 0.02 0.02 0.03 0.03 0.02 0.03 0.03]
 [0.03 0.03 0.75 0.03 0.03 0.03 0.03 0.03 0.03 0.03]
 [0.03 0.03 0.03 0.73 0.03 0.04 0.03 0.03 0.03 0.03]
 [0.03 0.03 0.03 0.03 0.76 0.03 0.02 0.03 0.03 0.02]
 [0.02 0.03 0.03 0.04 0.03 0.74 0.03 0.03 0.03 0.02]
 [0.03 0.03 0.03 0.03 0.03 0.03 0.75 0.03 0.03 0.03]
 [0.03 0.03 0.03 0.03 0.03 0.03 0.03 0.76 0.03 0.02]
 [0.03 0.02 0.02 0.03 0.02 0.03 0.03 0.02 0.77 0.02]
 [0.03 0.03 0.03 0.02 0.02 0.03 0.02 0.03 0.03 0.76]]
epoch 55
Train Loss: 0.913670, Vol_loss: -2.885739  Acc: 0.804622
Val Loss: 1.140606, Acc: 0.722200
Test Loss: 0.496341, Acc: 0.885000
Estimation Error: 0.09
[[0.75 0.02 0.03 0.03 0.02 0.03 0.03 0.03 0.03 0.03]
 [0.03 0.76 0.03 0.02 0.02 0.03 0.03 0.02 0.03 0.03]
 [0.03 0.03 0.75 0.03 0.03 0.03 0.03 0.03 0.03 0.03]
 [0.03 0.03 0.03 0.73 0.03 0.04 0.03 0.03 0.03 0.03]
 [0.03 0.03 0.03 0.03 0.76 0.03 0.02 0.03 0.03 0.02]
 [0.02 0.03 0.03 0.04 0.03 0.74 0.03 0.03 0.03 0.02]
 [0.03 0.03 0.03 0.03 0.03 0.03 0.75 0.03 0.03 0.03]
 [0.03 0.03 0.03 0.03 0.03 0.03 0.03 0.76 0.03 0.02]
 [0.03 0.02 0.02 0.03 0.02 0.03 0.03 0.02 0.77 0.02]
 [0.03 0.03 0.03 0.02 0.02 0.03 0.02 0.03 0.03 0.76]]
epoch 56
Train Loss: 0.909180, Vol_loss: -2.878973  Acc: 0.805644
Val Loss: 1.144018, Acc: 0.720600
Test Loss: 0.508601, Acc: 0.884500
Estimation Error: 0.09
[[0.75 0.02 0.03 0.03 0.02 0.03 0.03 0.03 0.03 0.03]
 [0.03 0.76 0.03 0.02 0.02 0.03 0.03 0.02 0.03 0.03]
 [0.03 0.03 0.75 0.03 0.03 0.03 0.03 0.03 0.03 0.03]
 [0.03 0.03 0.03 0.73 0.03 0.04 0.03 0.03 0.03 0.03]
 [0.03 0.03 0.03 0.03 0.76 0.03 0.02 0.03 0.03 0.02]
 [0.02 0.03 0.03 0.04 0.03 0.74 0.03 0.03 0.03 0.02]
 [0.03 0.03 0.03 0.03 0.03 0.03 0.75 0.03 0.03 0.03]
 [0.03 0.03 0.03 0.03 0.03 0.03 0.03 0.76 0.03 0.02]
 [0.03 0.02 0.02 0.03 0.02 0.03 0.03 0.02 0.77 0.02]
 [0.03 0.03 0.03 0.02 0.02 0.03 0.02 0.03 0.03 0.76]]
epoch 57
Train Loss: 0.909317, Vol_loss: -2.872337  Acc: 0.805778
Val Loss: 1.143680, Acc: 0.719600
Test Loss: 0.507955, Acc: 0.883700
Estimation Error: 0.09
[[0.76 0.02 0.03 0.03 0.02 0.03 0.03 0.03 0.03 0.03]
 [0.03 0.77 0.03 0.02 0.02 0.03 0.03 0.02 0.03 0.03]
 [0.03 0.03 0.75 0.03 0.03 0.03 0.03 0.03 0.03 0.03]
 [0.03 0.03 0.03 0.73 0.03 0.04 0.03 0.03 0.03 0.03]
 [0.03 0.03 0.03 0.03 0.76 0.03 0.02 0.03 0.03 0.02]
 [0.02 0.03 0.03 0.04 0.03 0.74 0.03 0.03 0.03 0.02]
 [0.03 0.03 0.03 0.03 0.03 0.03 0.75 0.03 0.03 0.03]
 [0.03 0.03 0.03 0.03 0.03 0.03 0.03 0.76 0.03 0.02]
 [0.03 0.02 0.02 0.03 0.02 0.03 0.03 0.02 0.77 0.02]
 [0.03 0.03 0.03 0.02 0.02 0.03 0.02 0.03 0.03 0.76]]
epoch 58
Train Loss: 0.905523, Vol_loss: -2.865753  Acc: 0.807556
Val Loss: 1.139787, Acc: 0.723000
Test Loss: 0.510754, Acc: 0.882200
Estimation Error: 0.09
[[0.76 0.02 0.03 0.03 0.02 0.03 0.03 0.03 0.03 0.03]
 [0.03 0.77 0.03 0.02 0.02 0.03 0.03 0.02 0.03 0.03]
 [0.03 0.03 0.75 0.03 0.03 0.03 0.03 0.03 0.03 0.03]
 [0.03 0.03 0.03 0.73 0.03 0.04 0.03 0.03 0.03 0.03]
 [0.03 0.03 0.03 0.03 0.76 0.03 0.02 0.03 0.03 0.02]
 [0.02 0.03 0.03 0.04 0.03 0.74 0.03 0.03 0.03 0.02]
 [0.03 0.03 0.03 0.03 0.03 0.03 0.75 0.03 0.03 0.03]
 [0.03 0.03 0.03 0.03 0.03 0.03 0.03 0.76 0.03 0.02]
 [0.03 0.02 0.02 0.03 0.02 0.03 0.03 0.02 0.77 0.02]
 [0.03 0.03 0.03 0.02 0.02 0.03 0.02 0.03 0.03 0.76]]
epoch 59
Train Loss: 0.903930, Vol_loss: -2.859059  Acc: 0.808422
Val Loss: 1.148839, Acc: 0.720400
Test Loss: 0.519610, Acc: 0.882800
Estimation Error: 0.09
[[0.76 0.02 0.03 0.03 0.02 0.03 0.03 0.03 0.03 0.03]
 [0.03 0.77 0.03 0.02 0.02 0.03 0.03 0.02 0.03 0.03]
 [0.03 0.03 0.75 0.03 0.03 0.03 0.03 0.03 0.03 0.03]
 [0.03 0.03 0.03 0.74 0.03 0.04 0.03 0.03 0.03 0.03]
 [0.03 0.03 0.03 0.03 0.76 0.03 0.02 0.03 0.03 0.02]
 [0.02 0.03 0.03 0.04 0.03 0.74 0.03 0.03 0.03 0.02]
 [0.03 0.03 0.03 0.03 0.03 0.03 0.75 0.03 0.03 0.03]
 [0.03 0.03 0.03 0.03 0.03 0.03 0.03 0.77 0.03 0.02]
 [0.03 0.02 0.02 0.03 0.02 0.03 0.03 0.02 0.77 0.02]
 [0.03 0.03 0.03 0.02 0.02 0.03 0.02 0.03 0.03 0.76]]
epoch 60
Train Loss: 0.901171, Vol_loss: -2.852521  Acc: 0.808311
Val Loss: 1.142072, Acc: 0.722400
Test Loss: 0.516592, Acc: 0.884300
Estimation Error: 0.09
[[0.76 0.02 0.03 0.03 0.02 0.03 0.03 0.03 0.03 0.03]
 [0.03 0.77 0.03 0.02 0.02 0.03 0.03 0.02 0.03 0.03]
 [0.03 0.03 0.75 0.03 0.03 0.03 0.03 0.03 0.03 0.03]
 [0.03 0.03 0.03 0.74 0.03 0.04 0.03 0.03 0.03 0.03]
 [0.03 0.03 0.03 0.03 0.76 0.03 0.02 0.03 0.03 0.02]
 [0.02 0.03 0.03 0.04 0.03 0.74 0.03 0.03 0.03 0.02]
 [0.03 0.03 0.03 0.03 0.03 0.03 0.75 0.03 0.03 0.03]
 [0.03 0.03 0.03 0.03 0.03 0.03 0.03 0.77 0.03 0.02]
 [0.03 0.02 0.02 0.03 0.02 0.03 0.03 0.02 0.77 0.02]
 [0.03 0.03 0.03 0.02 0.02 0.03 0.02 0.03 0.03 0.76]]
epoch 61
Train Loss: 0.898777, Vol_loss: -2.848895  Acc: 0.809978
Val Loss: 1.138319, Acc: 0.725200
Test Loss: 0.508944, Acc: 0.885600
Estimation Error: 0.09
[[0.76 0.02 0.03 0.03 0.02 0.03 0.03 0.03 0.03 0.03]
 [0.03 0.77 0.03 0.02 0.02 0.03 0.03 0.02 0.03 0.03]
 [0.03 0.03 0.75 0.03 0.03 0.03 0.03 0.03 0.03 0.03]
 [0.03 0.03 0.03 0.74 0.03 0.04 0.03 0.03 0.03 0.03]
 [0.03 0.03 0.03 0.03 0.76 0.03 0.02 0.03 0.03 0.02]
 [0.02 0.03 0.03 0.04 0.03 0.74 0.03 0.03 0.03 0.02]
 [0.03 0.03 0.03 0.03 0.03 0.03 0.75 0.03 0.03 0.03]
 [0.03 0.03 0.03 0.03 0.03 0.03 0.03 0.77 0.03 0.02]
 [0.03 0.02 0.02 0.03 0.02 0.03 0.03 0.02 0.77 0.02]
 [0.03 0.03 0.03 0.02 0.02 0.03 0.02 0.03 0.03 0.76]]
epoch 62
Train Loss: 0.895930, Vol_loss: -2.848227  Acc: 0.811289
Val Loss: 1.138762, Acc: 0.723400
Test Loss: 0.511961, Acc: 0.883300
Estimation Error: 0.09
[[0.76 0.02 0.03 0.03 0.02 0.03 0.03 0.03 0.03 0.03]
 [0.03 0.77 0.03 0.02 0.02 0.03 0.03 0.02 0.03 0.03]
 [0.03 0.03 0.75 0.03 0.03 0.03 0.03 0.03 0.03 0.03]
 [0.03 0.03 0.03 0.74 0.03 0.04 0.03 0.03 0.03 0.03]
 [0.03 0.03 0.03 0.03 0.76 0.03 0.02 0.03 0.03 0.02]
 [0.02 0.03 0.03 0.04 0.03 0.74 0.03 0.03 0.03 0.02]
 [0.03 0.03 0.03 0.03 0.03 0.03 0.75 0.03 0.03 0.03]
 [0.03 0.03 0.03 0.03 0.03 0.03 0.03 0.77 0.03 0.02]
 [0.03 0.02 0.02 0.03 0.02 0.03 0.03 0.02 0.77 0.02]
 [0.03 0.03 0.03 0.02 0.02 0.03 0.02 0.03 0.03 0.76]]
epoch 63
Train Loss: 0.893863, Vol_loss: -2.847567  Acc: 0.812644
Val Loss: 1.141802, Acc: 0.724600
Test Loss: 0.513247, Acc: 0.883200
Estimation Error: 0.09
[[0.76 0.02 0.03 0.03 0.02 0.03 0.03 0.03 0.03 0.03]
 [0.03 0.77 0.03 0.02 0.02 0.03 0.03 0.02 0.03 0.03]
 [0.03 0.03 0.75 0.03 0.03 0.03 0.03 0.03 0.03 0.03]
 [0.03 0.03 0.03 0.74 0.03 0.04 0.03 0.03 0.03 0.03]
 [0.03 0.03 0.03 0.03 0.76 0.03 0.02 0.03 0.03 0.02]
 [0.02 0.03 0.03 0.04 0.03 0.74 0.03 0.03 0.03 0.02]
 [0.03 0.03 0.03 0.03 0.03 0.03 0.75 0.03 0.03 0.03]
 [0.03 0.03 0.03 0.03 0.03 0.03 0.03 0.77 0.03 0.02]
 [0.03 0.02 0.02 0.03 0.02 0.03 0.03 0.02 0.77 0.02]
 [0.03 0.03 0.03 0.02 0.02 0.03 0.02 0.03 0.03 0.76]]
epoch 64
Train Loss: 0.893792, Vol_loss: -2.846912  Acc: 0.812378
Val Loss: 1.140720, Acc: 0.724400
Test Loss: 0.517318, Acc: 0.882600
Estimation Error: 0.09
[[0.76 0.02 0.03 0.03 0.02 0.03 0.03 0.03 0.03 0.03]
 [0.03 0.77 0.03 0.02 0.02 0.03 0.03 0.02 0.03 0.03]
 [0.03 0.03 0.75 0.03 0.03 0.03 0.03 0.03 0.03 0.03]
 [0.03 0.03 0.03 0.74 0.03 0.04 0.03 0.03 0.03 0.03]
 [0.03 0.03 0.03 0.03 0.76 0.03 0.02 0.03 0.03 0.02]
 [0.02 0.03 0.03 0.04 0.03 0.74 0.03 0.03 0.03 0.02]
 [0.03 0.03 0.03 0.03 0.03 0.03 0.75 0.03 0.03 0.03]
 [0.03 0.03 0.03 0.03 0.03 0.03 0.03 0.77 0.03 0.02]
 [0.03 0.02 0.02 0.03 0.02 0.03 0.03 0.02 0.77 0.02]
 [0.03 0.03 0.03 0.02 0.02 0.03 0.02 0.03 0.03 0.76]]
epoch 65
Train Loss: 0.893906, Vol_loss: -2.846246  Acc: 0.811889
Val Loss: 1.139885, Acc: 0.724400
Test Loss: 0.513693, Acc: 0.883700
Estimation Error: 0.09
[[0.76 0.02 0.03 0.03 0.02 0.03 0.03 0.03 0.03 0.03]
 [0.03 0.77 0.03 0.02 0.02 0.03 0.03 0.02 0.03 0.03]
 [0.03 0.03 0.75 0.03 0.03 0.03 0.03 0.03 0.03 0.03]
 [0.03 0.03 0.03 0.74 0.03 0.04 0.03 0.03 0.03 0.03]
 [0.03 0.03 0.03 0.03 0.76 0.03 0.02 0.03 0.03 0.02]
 [0.02 0.03 0.03 0.04 0.03 0.74 0.03 0.03 0.03 0.02]
 [0.03 0.03 0.03 0.03 0.03 0.03 0.75 0.03 0.03 0.03]
 [0.03 0.03 0.03 0.03 0.03 0.03 0.03 0.77 0.03 0.02]
 [0.03 0.02 0.02 0.03 0.02 0.03 0.03 0.02 0.77 0.02]
 [0.03 0.03 0.03 0.02 0.02 0.03 0.02 0.03 0.03 0.76]]
epoch 66
Train Loss: 0.891741, Vol_loss: -2.845578  Acc: 0.812667
Val Loss: 1.141759, Acc: 0.721800
Test Loss: 0.515982, Acc: 0.883100
Estimation Error: 0.09
[[0.76 0.02 0.03 0.03 0.02 0.03 0.03 0.03 0.03 0.03]
 [0.03 0.77 0.03 0.02 0.02 0.03 0.03 0.02 0.03 0.03]
 [0.03 0.03 0.75 0.03 0.03 0.03 0.03 0.03 0.03 0.03]
 [0.03 0.03 0.03 0.74 0.03 0.04 0.03 0.03 0.03 0.03]
 [0.03 0.03 0.03 0.03 0.76 0.03 0.02 0.03 0.03 0.02]
 [0.02 0.03 0.03 0.04 0.03 0.74 0.03 0.03 0.03 0.02]
 [0.03 0.03 0.03 0.03 0.03 0.03 0.75 0.03 0.03 0.03]
 [0.03 0.03 0.03 0.03 0.03 0.03 0.03 0.77 0.03 0.02]
 [0.03 0.02 0.02 0.03 0.02 0.03 0.03 0.02 0.77 0.02]
 [0.03 0.03 0.03 0.02 0.02 0.03 0.02 0.03 0.03 0.76]]
epoch 67
Train Loss: 0.893321, Vol_loss: -2.844915  Acc: 0.811689
Val Loss: 1.140245, Acc: 0.723000
Test Loss: 0.514782, Acc: 0.882400
Estimation Error: 0.09
[[0.76 0.02 0.03 0.03 0.02 0.03 0.03 0.03 0.03 0.03]
 [0.03 0.77 0.03 0.02 0.02 0.03 0.03 0.02 0.03 0.03]
 [0.03 0.03 0.75 0.03 0.03 0.03 0.03 0.03 0.03 0.03]
 [0.03 0.03 0.03 0.74 0.03 0.04 0.03 0.03 0.03 0.03]
 [0.03 0.03 0.03 0.03 0.76 0.03 0.02 0.03 0.03 0.02]
 [0.02 0.03 0.03 0.04 0.03 0.74 0.03 0.03 0.03 0.02]
 [0.03 0.03 0.03 0.03 0.03 0.03 0.75 0.03 0.03 0.03]
 [0.03 0.03 0.03 0.03 0.03 0.03 0.03 0.77 0.03 0.02]
 [0.03 0.02 0.02 0.03 0.02 0.03 0.03 0.02 0.77 0.02]
 [0.03 0.03 0.03 0.02 0.02 0.03 0.02 0.03 0.03 0.76]]
epoch 68
Train Loss: 0.892290, Vol_loss: -2.844241  Acc: 0.811911
Val Loss: 1.144150, Acc: 0.722400
Test Loss: 0.517444, Acc: 0.884300
Estimation Error: 0.09
[[0.76 0.02 0.03 0.03 0.02 0.03 0.03 0.03 0.03 0.03]
 [0.03 0.77 0.03 0.02 0.02 0.03 0.03 0.02 0.03 0.03]
 [0.03 0.03 0.75 0.03 0.03 0.03 0.03 0.03 0.03 0.03]
 [0.03 0.03 0.03 0.74 0.03 0.04 0.03 0.03 0.03 0.03]
 [0.03 0.03 0.03 0.03 0.76 0.03 0.02 0.03 0.03 0.02]
 [0.02 0.03 0.03 0.04 0.03 0.74 0.03 0.03 0.03 0.02]
 [0.03 0.03 0.03 0.03 0.03 0.03 0.75 0.03 0.03 0.03]
 [0.03 0.03 0.03 0.03 0.03 0.03 0.03 0.77 0.03 0.02]
 [0.03 0.02 0.02 0.03 0.02 0.03 0.03 0.02 0.77 0.02]
 [0.03 0.03 0.03 0.02 0.02 0.03 0.02 0.03 0.03 0.76]]
epoch 69
Train Loss: 0.891295, Vol_loss: -2.843575  Acc: 0.813022
Val Loss: 1.144679, Acc: 0.721200
Test Loss: 0.517081, Acc: 0.884100
Estimation Error: 0.09
[[0.76 0.02 0.03 0.03 0.02 0.03 0.03 0.03 0.03 0.03]
 [0.03 0.77 0.03 0.02 0.02 0.03 0.03 0.02 0.03 0.03]
 [0.03 0.03 0.75 0.03 0.03 0.03 0.03 0.03 0.03 0.03]
 [0.03 0.03 0.03 0.74 0.03 0.04 0.03 0.03 0.03 0.03]
 [0.03 0.03 0.03 0.03 0.76 0.03 0.02 0.03 0.03 0.02]
 [0.02 0.03 0.03 0.04 0.03 0.74 0.03 0.03 0.03 0.02]
 [0.03 0.03 0.03 0.03 0.03 0.03 0.75 0.03 0.03 0.03]
 [0.03 0.03 0.03 0.03 0.03 0.03 0.03 0.77 0.03 0.02]
 [0.03 0.02 0.02 0.03 0.02 0.03 0.03 0.02 0.77 0.02]
 [0.03 0.03 0.03 0.02 0.02 0.03 0.02 0.03 0.03 0.76]]
epoch 70
Train Loss: 0.890285, Vol_loss: -2.842906  Acc: 0.813378
Val Loss: 1.144479, Acc: 0.722800
Test Loss: 0.519598, Acc: 0.883200
Estimation Error: 0.09
[[0.76 0.02 0.03 0.03 0.02 0.03 0.03 0.03 0.03 0.03]
 [0.03 0.77 0.03 0.02 0.02 0.03 0.03 0.02 0.03 0.03]
 [0.03 0.03 0.75 0.03 0.03 0.03 0.03 0.03 0.03 0.03]
 [0.03 0.03 0.03 0.74 0.03 0.04 0.03 0.03 0.03 0.03]
 [0.03 0.03 0.03 0.03 0.76 0.03 0.02 0.03 0.03 0.02]
 [0.02 0.03 0.03 0.04 0.03 0.74 0.03 0.03 0.03 0.02]
 [0.03 0.03 0.03 0.03 0.03 0.03 0.75 0.03 0.03 0.03]
 [0.03 0.03 0.03 0.03 0.03 0.03 0.03 0.77 0.03 0.02]
 [0.03 0.02 0.02 0.03 0.02 0.03 0.03 0.02 0.77 0.02]
 [0.03 0.03 0.03 0.02 0.02 0.03 0.02 0.03 0.03 0.76]]
epoch 71
Train Loss: 0.891488, Vol_loss: -2.842243  Acc: 0.812911
Val Loss: 1.143504, Acc: 0.721800
Test Loss: 0.515811, Acc: 0.883400
Estimation Error: 0.09
[[0.76 0.02 0.03 0.03 0.02 0.03 0.03 0.03 0.03 0.03]
 [0.03 0.77 0.03 0.02 0.02 0.03 0.03 0.02 0.03 0.03]
 [0.03 0.03 0.75 0.03 0.03 0.03 0.03 0.03 0.03 0.03]
 [0.03 0.03 0.03 0.74 0.03 0.04 0.03 0.03 0.03 0.03]
 [0.03 0.03 0.03 0.03 0.76 0.03 0.02 0.03 0.03 0.02]
 [0.02 0.03 0.03 0.04 0.03 0.74 0.03 0.03 0.03 0.02]
 [0.03 0.03 0.03 0.03 0.03 0.03 0.75 0.03 0.03 0.03]
 [0.03 0.03 0.03 0.03 0.03 0.03 0.03 0.77 0.03 0.02]
 [0.03 0.02 0.02 0.03 0.02 0.03 0.03 0.02 0.77 0.02]
 [0.03 0.03 0.03 0.02 0.02 0.03 0.02 0.03 0.03 0.76]]
epoch 72
Train Loss: 0.890269, Vol_loss: -2.841567  Acc: 0.813356
Val Loss: 1.141483, Acc: 0.724000
Test Loss: 0.519829, Acc: 0.882700
Estimation Error: 0.09
[[0.76 0.02 0.03 0.03 0.02 0.03 0.03 0.03 0.03 0.03]
 [0.03 0.77 0.03 0.02 0.02 0.03 0.03 0.02 0.03 0.03]
 [0.03 0.03 0.75 0.03 0.03 0.03 0.03 0.03 0.03 0.03]
 [0.03 0.03 0.03 0.74 0.03 0.04 0.03 0.03 0.03 0.03]
 [0.03 0.03 0.03 0.03 0.76 0.03 0.02 0.03 0.03 0.02]
 [0.02 0.03 0.03 0.04 0.03 0.74 0.03 0.03 0.03 0.02]
 [0.03 0.03 0.03 0.03 0.03 0.03 0.75 0.03 0.03 0.03]
 [0.03 0.03 0.03 0.03 0.03 0.03 0.03 0.77 0.03 0.02]
 [0.03 0.02 0.02 0.03 0.02 0.03 0.03 0.02 0.77 0.02]
 [0.03 0.03 0.03 0.02 0.02 0.03 0.02 0.03 0.03 0.76]]
epoch 73
Train Loss: 0.889850, Vol_loss: -2.840898  Acc: 0.813733
Val Loss: 1.142839, Acc: 0.723000
Test Loss: 0.518555, Acc: 0.883300
Estimation Error: 0.09
[[0.76 0.02 0.03 0.03 0.02 0.03 0.03 0.03 0.03 0.03]
 [0.03 0.77 0.03 0.02 0.02 0.03 0.03 0.02 0.03 0.03]
 [0.03 0.03 0.75 0.03 0.03 0.03 0.03 0.03 0.03 0.03]
 [0.03 0.03 0.03 0.74 0.03 0.04 0.03 0.03 0.03 0.03]
 [0.03 0.03 0.03 0.03 0.76 0.03 0.02 0.03 0.03 0.02]
 [0.02 0.03 0.03 0.04 0.03 0.74 0.03 0.03 0.03 0.02]
 [0.03 0.03 0.03 0.03 0.03 0.03 0.75 0.03 0.03 0.03]
 [0.03 0.03 0.03 0.03 0.03 0.03 0.03 0.77 0.03 0.02]
 [0.03 0.02 0.02 0.03 0.02 0.03 0.03 0.02 0.77 0.02]
 [0.03 0.03 0.03 0.02 0.02 0.03 0.02 0.03 0.03 0.76]]
epoch 74
Train Loss: 0.891160, Vol_loss: -2.840239  Acc: 0.812933
Val Loss: 1.144114, Acc: 0.723200
Test Loss: 0.524302, Acc: 0.883400
Estimation Error: 0.09
[[0.76 0.02 0.03 0.03 0.02 0.03 0.03 0.03 0.03 0.03]
 [0.03 0.77 0.03 0.02 0.02 0.03 0.03 0.02 0.03 0.03]
 [0.03 0.03 0.75 0.03 0.03 0.03 0.03 0.03 0.03 0.03]
 [0.03 0.03 0.03 0.74 0.03 0.04 0.03 0.03 0.03 0.03]
 [0.03 0.03 0.03 0.03 0.76 0.03 0.02 0.03 0.03 0.02]
 [0.02 0.03 0.03 0.04 0.03 0.74 0.03 0.03 0.03 0.02]
 [0.03 0.03 0.03 0.03 0.03 0.03 0.75 0.03 0.03 0.03]
 [0.03 0.03 0.03 0.03 0.03 0.03 0.03 0.77 0.03 0.02]
 [0.03 0.02 0.02 0.03 0.02 0.03 0.03 0.02 0.77 0.02]
 [0.03 0.03 0.03 0.02 0.02 0.03 0.02 0.03 0.03 0.76]]
epoch 75
Train Loss: 0.891487, Vol_loss: -2.839577  Acc: 0.812733
Val Loss: 1.143340, Acc: 0.723600
Test Loss: 0.516888, Acc: 0.883200
Estimation Error: 0.09
[[0.76 0.02 0.03 0.03 0.02 0.03 0.03 0.03 0.03 0.03]
 [0.03 0.77 0.03 0.02 0.02 0.03 0.03 0.02 0.03 0.03]
 [0.03 0.03 0.75 0.03 0.03 0.03 0.03 0.03 0.03 0.03]
 [0.03 0.03 0.03 0.74 0.03 0.04 0.03 0.03 0.03 0.03]
 [0.03 0.03 0.03 0.03 0.76 0.03 0.02 0.03 0.03 0.02]
 [0.02 0.03 0.03 0.04 0.03 0.75 0.03 0.03 0.03 0.02]
 [0.03 0.03 0.03 0.03 0.03 0.03 0.75 0.03 0.03 0.03]
 [0.03 0.03 0.03 0.03 0.03 0.03 0.03 0.77 0.03 0.02]
 [0.03 0.02 0.02 0.03 0.02 0.03 0.03 0.02 0.77 0.02]
 [0.03 0.03 0.03 0.02 0.02 0.03 0.02 0.03 0.03 0.77]]
epoch 76
Train Loss: 0.889341, Vol_loss: -2.838913  Acc: 0.814289
Val Loss: 1.142899, Acc: 0.723400
Test Loss: 0.520159, Acc: 0.883700
Estimation Error: 0.09
[[0.76 0.02 0.03 0.03 0.02 0.03 0.03 0.03 0.03 0.03]
 [0.03 0.77 0.03 0.02 0.02 0.03 0.03 0.02 0.03 0.03]
 [0.03 0.03 0.75 0.03 0.03 0.03 0.03 0.03 0.03 0.03]
 [0.03 0.03 0.03 0.74 0.03 0.04 0.03 0.03 0.03 0.03]
 [0.03 0.03 0.03 0.03 0.76 0.03 0.02 0.03 0.03 0.02]
 [0.02 0.03 0.03 0.04 0.03 0.75 0.03 0.03 0.03 0.02]
 [0.03 0.03 0.03 0.03 0.03 0.03 0.75 0.03 0.03 0.03]
 [0.03 0.03 0.03 0.03 0.03 0.03 0.03 0.77 0.03 0.02]
 [0.03 0.02 0.02 0.03 0.02 0.03 0.03 0.02 0.77 0.02]
 [0.03 0.03 0.03 0.02 0.02 0.03 0.02 0.03 0.03 0.77]]
epoch 77
Train Loss: 0.888312, Vol_loss: -2.838242  Acc: 0.814133
Val Loss: 1.144589, Acc: 0.721800
Test Loss: 0.523196, Acc: 0.883800
Estimation Error: 0.09
[[0.76 0.02 0.03 0.03 0.02 0.03 0.03 0.03 0.03 0.03]
 [0.03 0.77 0.03 0.02 0.02 0.03 0.03 0.02 0.03 0.03]
 [0.03 0.03 0.75 0.03 0.03 0.03 0.03 0.03 0.03 0.03]
 [0.03 0.03 0.03 0.74 0.03 0.04 0.03 0.03 0.03 0.03]
 [0.03 0.03 0.03 0.03 0.76 0.03 0.02 0.03 0.03 0.02]
 [0.02 0.03 0.03 0.04 0.03 0.75 0.03 0.03 0.03 0.02]
 [0.03 0.03 0.03 0.03 0.03 0.03 0.75 0.03 0.03 0.03]
 [0.03 0.03 0.03 0.03 0.03 0.03 0.03 0.77 0.03 0.02]
 [0.03 0.02 0.02 0.03 0.02 0.03 0.03 0.02 0.77 0.02]
 [0.03 0.03 0.03 0.02 0.02 0.03 0.02 0.03 0.03 0.77]]
epoch 78
Train Loss: 0.888542, Vol_loss: -2.837578  Acc: 0.813711
Val Loss: 1.144196, Acc: 0.723400
Test Loss: 0.521119, Acc: 0.883000
Estimation Error: 0.09
[[0.76 0.02 0.03 0.03 0.02 0.03 0.03 0.03 0.03 0.03]
 [0.03 0.77 0.03 0.02 0.02 0.03 0.03 0.02 0.03 0.03]
 [0.03 0.03 0.75 0.03 0.03 0.03 0.03 0.03 0.03 0.03]
 [0.03 0.03 0.03 0.74 0.03 0.04 0.03 0.03 0.03 0.03]
 [0.03 0.03 0.03 0.03 0.76 0.03 0.02 0.03 0.03 0.02]
 [0.02 0.03 0.03 0.04 0.03 0.75 0.03 0.03 0.03 0.02]
 [0.03 0.03 0.03 0.03 0.03 0.03 0.75 0.03 0.03 0.03]
 [0.03 0.03 0.03 0.03 0.03 0.03 0.03 0.77 0.03 0.02]
 [0.03 0.02 0.02 0.03 0.02 0.03 0.03 0.02 0.77 0.02]
 [0.03 0.03 0.03 0.02 0.02 0.03 0.02 0.03 0.03 0.77]]
epoch 79
Train Loss: 0.887988, Vol_loss: -2.836903  Acc: 0.814422
Val Loss: 1.144794, Acc: 0.723800
Test Loss: 0.527807, Acc: 0.881800
Estimation Error: 0.09
[[0.76 0.02 0.03 0.03 0.02 0.03 0.03 0.03 0.03 0.03]
 [0.03 0.77 0.03 0.02 0.02 0.03 0.03 0.02 0.03 0.03]
 [0.03 0.03 0.75 0.03 0.03 0.03 0.03 0.03 0.03 0.03]
 [0.03 0.03 0.03 0.74 0.03 0.04 0.03 0.03 0.03 0.03]
 [0.03 0.03 0.03 0.03 0.76 0.03 0.02 0.03 0.03 0.02]
 [0.02 0.03 0.03 0.04 0.03 0.75 0.03 0.03 0.03 0.02]
 [0.03 0.03 0.03 0.03 0.03 0.03 0.75 0.03 0.03 0.03]
 [0.03 0.03 0.03 0.03 0.03 0.03 0.03 0.77 0.03 0.02]
 [0.03 0.02 0.02 0.03 0.02 0.03 0.03 0.02 0.77 0.02]
 [0.03 0.03 0.03 0.02 0.02 0.03 0.02 0.03 0.03 0.77]]
epoch 80
Train Loss: 0.889725, Vol_loss: -2.836242  Acc: 0.813911
Val Loss: 1.144548, Acc: 0.722600
Test Loss: 0.524301, Acc: 0.880800
Estimation Error: 0.09
[[0.76 0.02 0.03 0.03 0.02 0.03 0.03 0.03 0.03 0.03]
 [0.03 0.77 0.03 0.02 0.02 0.03 0.03 0.02 0.03 0.03]
 [0.03 0.03 0.75 0.03 0.03 0.03 0.03 0.03 0.03 0.03]
 [0.03 0.03 0.03 0.74 0.03 0.04 0.03 0.03 0.03 0.03]
 [0.03 0.03 0.03 0.03 0.76 0.03 0.02 0.03 0.03 0.02]
 [0.02 0.03 0.03 0.04 0.03 0.75 0.03 0.03 0.03 0.02]
 [0.03 0.03 0.03 0.03 0.03 0.03 0.75 0.03 0.03 0.03]
 [0.03 0.03 0.03 0.03 0.03 0.03 0.03 0.77 0.03 0.02]
 [0.03 0.02 0.02 0.03 0.02 0.03 0.03 0.02 0.77 0.02]
 [0.03 0.03 0.03 0.02 0.02 0.03 0.02 0.03 0.03 0.77]]
Final test accuracy: 0.892500
Final test accuracy acc: 0.892500
Final estimation error loss: 0.114035
Final estimation error loss acc: 0.114035
Best epoch: 32
[[0.74 0.02 0.03 0.03 0.03 0.03 0.03 0.03 0.03 0.03]
 [0.03 0.76 0.03 0.02 0.03 0.03 0.03 0.02 0.03 0.03]
 [0.03 0.03 0.73 0.03 0.03 0.03 0.03 0.03 0.03 0.03]
 [0.03 0.03 0.03 0.72 0.03 0.05 0.03 0.03 0.03 0.03]
 [0.03 0.03 0.03 0.03 0.74 0.03 0.03 0.03 0.03 0.02]
 [0.03 0.03 0.03 0.05 0.03 0.73 0.03 0.03 0.03 0.03]
 [0.03 0.03 0.03 0.03 0.03 0.03 0.74 0.03 0.03 0.03]
 [0.03 0.03 0.03 0.03 0.03 0.03 0.03 0.75 0.03 0.02]
 [0.03 0.03 0.03 0.03 0.02 0.03 0.03 0.02 0.76 0.03]
 [0.03 0.03 0.03 0.03 0.03 0.03 0.02 0.03 0.03 0.75]]
